wavelength transmission
169.0 0.0
169.10000000000002 0.245
169.20000000000002 0.49
169.3 0.735
169.4 0.98
169.5 1.225
169.60000000000002 1.47
169.70000000000002 1.715
169.8 1.96
169.9 2.205
170.0 2.45
170.10000000000002 2.4676
170.20000000000002 2.4852
170.3 2.5028
170.4 2.5204
170.5 2.538
170.60000000000002 2.5556
170.70000000000002 2.5732
170.8 2.5908
170.9 2.6084
171.0 2.626
171.10000000000002 2.6436
171.20000000000002 2.6612
171.3 2.6788
171.4 2.6964
171.5 2.714
171.60000000000002 2.7316
171.70000000000002 2.7492
171.8 2.7668
171.9 2.7844
172.0 2.802
172.10000000000002 2.8196
172.20000000000002 2.8372
172.3 2.8548
172.4 2.8724
172.5 2.89
172.60000000000002 2.9076
172.70000000000002 2.9252
172.8 2.9428
172.9 2.9604
173.0 2.978
173.10000000000002 2.9956
173.20000000000002 3.0132
173.3 3.0308
173.4 3.0484
173.5 3.066
173.60000000000002 3.0836
173.70000000000002 3.1012
173.8 3.1188
173.9 3.1364
174.0 3.154
174.10000000000002 3.1716
174.20000000000002 3.1892
174.3 3.2068
174.4 3.2244
174.5 3.242
174.60000000000002 3.2596
174.70000000000002 3.2772
174.8 3.2948
174.9 3.3124
175.0 3.33
175.10000000000002 3.4672
175.20000000000002 3.6044
175.3 3.7416
175.4 3.8788
175.5 4.016
175.60000000000002 4.1532
175.70000000000002 4.2904
175.8 4.4276
175.9 4.5648
176.0 4.702
176.10000000000002 4.8392
176.20000000000002 4.9764
176.3 5.1136
176.4 5.2508
176.5 5.388
176.60000000000002 5.5252
176.70000000000002 5.6624
176.8 5.7996
176.9 5.9368
177.0 6.074
177.10000000000002 6.2112
177.20000000000002 6.3484
177.3 6.4856
177.4 6.6228
177.5 6.76
177.60000000000002 6.8972
177.70000000000002 7.0344
177.8 7.1716
177.9 7.3088
178.0 7.446
178.10000000000002 7.5832
178.20000000000002 7.7204
178.3 7.8576
178.4 7.9948
178.5 8.132
178.60000000000002 8.2692
178.70000000000002 8.4064
178.8 8.5436
178.9 8.6808
179.0 8.818
179.10000000000002 8.9552
179.20000000000002 9.0924
179.3 9.2296
179.4 9.3668
179.5 9.504
179.60000000000002 9.6412
179.70000000000002 9.7784
179.8 9.9156
179.9 10.0528
180.0 10.19
180.10000000000002 10.338
180.20000000000002 10.486
180.3 10.634
180.4 10.782
180.5 10.93
180.60000000000002 11.078
180.70000000000002 11.226
180.8 11.374
180.9 11.522
181.0 11.67
181.10000000000002 11.818
181.20000000000002 11.966
181.3 12.114
181.4 12.262
181.5 12.41
181.60000000000002 12.558
181.70000000000002 12.706
181.8 12.854
181.9 13.002
182.0 13.15
182.10000000000002 13.298
182.20000000000002 13.446
182.3 13.594
182.4 13.742
182.5 13.89
182.60000000000002 14.038
182.70000000000002 14.186
182.8 14.334
182.9 14.482
183.0 14.63
183.10000000000002 14.778
183.20000000000002 14.926
183.3 15.074
183.4 15.222
183.5 15.37
183.60000000000002 15.518
183.70000000000002 15.666
183.8 15.814
183.9 15.962
184.0 16.11
184.10000000000002 16.258
184.20000000000002 16.406
184.3 16.554
184.4 16.702
184.5 16.85
184.60000000000002 16.998
184.70000000000002 17.146
184.8 17.294
184.9 17.442
185.0 17.59
185.10000000000002 17.772
185.20000000000002 17.954
185.3 18.136
185.4 18.318
185.5 18.5
185.60000000000002 18.682
185.70000000000002 18.864
185.8 19.046
185.9 19.228
186.0 19.41
186.10000000000002 19.592
186.20000000000002 19.774
186.3 19.956
186.4 20.138
186.5 20.32
186.60000000000002 20.502
186.70000000000002 20.684
186.8 20.866
186.9 21.048
187.0 21.23
187.10000000000002 21.412
187.20000000000002 21.594
187.3 21.776
187.4 21.958
187.5 22.14
187.60000000000002 22.322
187.70000000000002 22.504
187.8 22.686
187.9 22.868
188.0 23.05
188.10000000000002 23.232
188.20000000000002 23.414
188.3 23.596
188.4 23.778
188.5 23.96
188.60000000000002 24.142
188.70000000000002 24.324
188.8 24.506
188.9 24.688
189.0 24.87
189.10000000000002 25.052
189.20000000000002 25.234
189.3 25.416
189.4 25.598
189.5 25.78
189.60000000000002 25.962
189.70000000000002 26.144
189.8 26.326
189.9 26.508
190.0 26.69
190.10000000000002 26.8236
190.20000000000002 26.9572
190.3 27.0908
190.4 27.2244
190.5 27.358
190.60000000000002 27.4916
190.70000000000002 27.6252
190.8 27.7588
190.9 27.8924
191.0 28.026
191.10000000000002 28.1596
191.20000000000002 28.2932
191.3 28.4268
191.4 28.5604
191.5 28.694
191.60000000000002 28.8276
191.70000000000002 28.9612
191.8 29.0948
191.9 29.2284
192.0 29.362
192.10000000000002 29.4956
192.20000000000002 29.6292
192.3 29.7628
192.4 29.8964
192.5 30.03
192.60000000000002 30.1636
192.70000000000002 30.2972
192.8 30.4308
192.9 30.5644
193.0 30.698
193.10000000000002 30.8316
193.20000000000002 30.9652
193.3 31.0988
193.4 31.2324
193.5 31.366
193.60000000000002 31.4996
193.70000000000002 31.6332
193.8 31.7668
193.9 31.9004
194.0 32.034
194.10000000000002 32.1676
194.20000000000002 32.3012
194.3 32.4348
194.4 32.5684
194.5 32.702
194.60000000000002 32.8356
194.70000000000002 32.9692
194.8 33.1028
194.9 33.2364
195.0 33.37
195.10000000000002 33.6012
195.20000000000002 33.8324
195.3 34.0636
195.4 34.2948
195.5 34.526
195.60000000000002 34.7572
195.70000000000002 34.9884
195.8 35.2196
195.9 35.4508
196.0 35.682
196.10000000000002 35.9132
196.20000000000002 36.1444
196.3 36.3756
196.4 36.6068
196.5 36.838
196.60000000000002 37.0692
196.70000000000002 37.3004
196.8 37.5316
196.9 37.7628
197.0 37.994
197.10000000000002 38.2252
197.20000000000002 38.4564
197.3 38.6876
197.4 38.9188
197.5 39.15
197.60000000000002 39.3812
197.70000000000002 39.6124
197.8 39.8436
197.9 40.0748
198.0 40.306
198.10000000000002 40.5372
198.20000000000002 40.7684
198.3 40.9996
198.4 41.2308
198.5 41.462
198.60000000000002 41.6932
198.70000000000002 41.9244
198.8 42.1556
198.9 42.3868
199.0 42.618
199.10000000000002 42.8492
199.20000000000002 43.0804
199.3 43.3116
199.4 43.5428
199.5 43.774
199.60000000000002 44.0052
199.70000000000002 44.2364
199.8 44.4676
199.9 44.6988
200.0 44.93
200.10000000000002 44.9736
200.20000000000002 45.0172
200.3 45.0608
200.4 45.1044
200.5 45.148
200.60000000000002 45.1916
200.70000000000002 45.2352
200.8 45.2788
200.9 45.3224
201.0 45.366
201.10000000000002 45.4096
201.20000000000002 45.4532
201.3 45.4968
201.4 45.5404
201.5 45.584
201.60000000000002 45.6276
201.70000000000002 45.6712
201.8 45.7148
201.9 45.7584
202.0 45.802
202.10000000000002 45.8456
202.20000000000002 45.8892
202.3 45.9328
202.4 45.9764
202.5 46.02
202.60000000000002 46.0636
202.70000000000002 46.1072
202.8 46.1508
202.9 46.1944
203.0 46.238
203.10000000000002 46.2816
203.20000000000002 46.3252
203.3 46.3688
203.4 46.4124
203.5 46.456
203.60000000000002 46.4996
203.70000000000002 46.5432
203.8 46.5868
203.9 46.6304
204.0 46.674
204.10000000000002 46.7176
204.20000000000002 46.7612
204.3 46.8048
204.4 46.8484
204.5 46.892
204.60000000000002 46.9356
204.70000000000002 46.9792
204.8 47.0228
204.9 47.0664
205.0 47.11
205.10000000000002 47.2198
205.20000000000002 47.3296
205.3 47.4394
205.4 47.5492
205.5 47.659
205.60000000000002 47.7688
205.70000000000002 47.8786
205.8 47.9884
205.9 48.0982
206.0 48.208
206.10000000000002 48.3178
206.20000000000002 48.4276
206.3 48.5374
206.4 48.6472
206.5 48.757
206.60000000000002 48.8668
206.70000000000002 48.9766
206.8 49.0864
206.9 49.1962
207.0 49.306
207.10000000000002 49.4158
207.20000000000002 49.5256
207.3 49.6354
207.4 49.7452
207.5 49.855
207.60000000000002 49.9648
207.70000000000002 50.0746
207.8 50.1844
207.9 50.2942
208.0 50.404
208.10000000000002 50.5138
208.20000000000002 50.6236
208.3 50.7334
208.4 50.8432
208.5 50.953
208.60000000000002 51.0628
208.70000000000002 51.1726
208.8 51.2824
208.9 51.3922
209.0 51.502
209.10000000000002 51.6118
209.20000000000002 51.7216
209.3 51.8314
209.4 51.9412
209.5 52.051
209.60000000000002 52.1608
209.70000000000002 52.2706
209.8 52.3804
209.9 52.4902
210.0 52.6
210.10000000000002 52.738
210.20000000000002 52.876
210.3 53.014
210.4 53.152
210.5 53.29
210.60000000000002 53.428
210.70000000000002 53.566
210.8 53.704
210.9 53.842
211.0 53.98
211.10000000000002 54.118
211.20000000000002 54.256
211.3 54.394
211.4 54.532
211.5 54.67
211.60000000000002 54.808
211.70000000000002 54.946
211.8 55.084
211.9 55.222
212.0 55.36
212.10000000000002 55.498
212.20000000000002 55.636
212.3 55.774
212.4 55.912
212.5 56.05
212.60000000000002 56.188
212.70000000000002 56.326
212.8 56.464
212.9 56.602
213.0 56.74
213.10000000000002 56.878
213.20000000000002 57.016
213.3 57.154
213.4 57.292
213.5 57.43
213.60000000000002 57.568
213.70000000000002 57.706
213.8 57.844
213.9 57.982
214.0 58.12
214.10000000000002 58.258
214.20000000000002 58.396
214.3 58.534
214.4 58.672
214.5 58.81
214.60000000000002 58.948
214.70000000000002 59.086
214.8 59.224
214.9 59.362
215.0 59.5
215.10000000000002 59.5432
215.20000000000002 59.5864
215.3 59.6296
215.4 59.6728
215.5 59.716
215.60000000000002 59.7592
215.70000000000002 59.8024
215.8 59.8456
215.9 59.8888
216.0 59.932
216.10000000000002 59.9752
216.20000000000002 60.0184
216.3 60.0616
216.4 60.1048
216.5 60.148
216.60000000000002 60.1912
216.70000000000002 60.2344
216.8 60.2776
216.9 60.3208
217.0 60.364
217.10000000000002 60.4072
217.20000000000002 60.4504
217.3 60.4936
217.4 60.5368
217.5 60.58
217.60000000000002 60.6232
217.70000000000002 60.6664
217.8 60.7096
217.9 60.7528
218.0 60.796
218.10000000000002 60.8392
218.20000000000002 60.8824
218.3 60.9256
218.4 60.9688
218.5 61.012
218.60000000000002 61.0552
218.70000000000002 61.0984
218.8 61.1416
218.9 61.1848
219.0 61.228
219.10000000000002 61.2712
219.20000000000002 61.3144
219.3 61.3576
219.4 61.4008
219.5 61.444
219.60000000000002 61.4872
219.70000000000002 61.5304
219.8 61.5736
219.9 61.6168
220.0 61.66
220.10000000000002 61.5552
220.20000000000002 61.4504
220.3 61.3456
220.4 61.2408
220.5 61.136
220.60000000000002 61.0312
220.70000000000002 60.9264
220.8 60.8216
220.9 60.7168
221.0 60.612
221.10000000000002 60.5072
221.20000000000002 60.4024
221.3 60.2976
221.4 60.1928
221.5 60.088
221.60000000000002 59.9832
221.70000000000002 59.8784
221.8 59.7736
221.9 59.6688
222.0 59.564
222.10000000000002 59.4592
222.20000000000002 59.3544
222.3 59.2496
222.4 59.1448
222.5 59.04
222.60000000000002 58.9352
222.70000000000002 58.8304
222.8 58.7256
222.9 58.6208
223.0 58.516
223.10000000000002 58.4112
223.20000000000002 58.3064
223.3 58.2016
223.4 58.0968
223.5 57.992
223.60000000000002 57.8872
223.70000000000002 57.7824
223.8 57.6776
223.9 57.5728
224.0 57.468
224.10000000000002 57.3632
224.20000000000002 57.2584
224.3 57.1536
224.4 57.0488
224.5 56.944
224.60000000000002 56.8392
224.70000000000002 56.7344
224.8 56.6296
224.9 56.5248
225.0 56.42
225.10000000000002 56.3528
225.20000000000002 56.2856
225.3 56.2184
225.4 56.1512
225.5 56.084
225.60000000000002 56.0168
225.70000000000002 55.9496
225.8 55.8824
225.9 55.8152
226.0 55.748
226.10000000000002 55.6808
226.20000000000002 55.6136
226.3 55.5464
226.4 55.4792
226.5 55.412
226.60000000000002 55.3448
226.70000000000002 55.2776
226.8 55.2104
226.9 55.1432
227.0 55.076
227.10000000000002 55.0088
227.20000000000002 54.9416
227.3 54.8744
227.4 54.8072
227.5 54.74
227.60000000000002 54.6728
227.70000000000002 54.6056
227.8 54.5384
227.9 54.4712
228.0 54.404
228.10000000000002 54.3368
228.20000000000002 54.2696
228.3 54.2024
228.4 54.1352
228.5 54.068
228.60000000000002 54.0008
228.70000000000002 53.9336
228.8 53.8664
228.9 53.7992
229.0 53.732
229.10000000000002 53.6648
229.20000000000002 53.5976
229.3 53.5304
229.4 53.4632
229.5 53.396
229.60000000000002 53.3288
229.70000000000002 53.2616
229.8 53.1944
229.9 53.1272
230.0 53.06
230.10000000000002 52.9518
230.20000000000002 52.8436
230.3 52.7354
230.4 52.6272
230.5 52.519
230.60000000000002 52.4108
230.70000000000002 52.3026
230.8 52.1944
230.9 52.0862
231.0 51.978
231.10000000000002 51.8698
231.20000000000002 51.7616
231.3 51.6534
231.4 51.5452
231.5 51.437
231.60000000000002 51.3288
231.70000000000002 51.2206
231.8 51.1124
231.9 51.0042
232.0 50.896
232.10000000000002 50.7878
232.20000000000002 50.6796
232.3 50.5714
232.4 50.4632
232.5 50.355
232.60000000000002 50.2468
232.70000000000002 50.1386
232.8 50.0304
232.9 49.9222
233.0 49.814
233.10000000000002 49.7058
233.20000000000002 49.5976
233.3 49.4894
233.4 49.3812
233.5 49.273
233.60000000000002 49.1648
233.70000000000002 49.0566
233.8 48.9484
233.9 48.8402
234.0 48.732
234.10000000000002 48.6238
234.20000000000002 48.5156
234.3 48.4074
234.4 48.2992
234.5 48.191
234.60000000000002 48.0828
234.70000000000002 47.9746
234.8 47.8664
234.9 47.7582
235.0 47.65
235.10000000000002 47.7116
235.20000000000002 47.7732
235.3 47.8348
235.4 47.8964
235.5 47.958
235.60000000000002 48.0196
235.70000000000002 48.0812
235.8 48.1428
235.9 48.2044
236.0 48.266
236.10000000000002 48.3276
236.20000000000002 48.3892
236.3 48.4508
236.4 48.5124
236.5 48.574
236.60000000000002 48.6356
236.70000000000002 48.6972
236.8 48.7588
236.9 48.8204
237.0 48.882
237.10000000000002 48.9436
237.20000000000002 49.0052
237.3 49.0668
237.4 49.1284
237.5 49.19
237.60000000000002 49.2516
237.70000000000002 49.3132
237.8 49.3748
237.9 49.4364
238.0 49.498
238.10000000000002 49.5596
238.20000000000002 49.6212
238.3 49.6828
238.4 49.7444
238.5 49.806
238.60000000000002 49.8676
238.70000000000002 49.9292
238.8 49.9908
238.9 50.0524
239.0 50.114
239.10000000000002 50.1756
239.20000000000002 50.2372
239.3 50.2988
239.4 50.3604
239.5 50.422
239.60000000000002 50.4836
239.70000000000002 50.5452
239.8 50.6068
239.9 50.6684
240.0 50.73
240.10000000000002 50.7848
240.20000000000002 50.8396
240.3 50.8944
240.4 50.9492
240.5 51.004
240.60000000000002 51.0588
240.70000000000002 51.1136
240.8 51.1684
240.9 51.2232
241.0 51.278
241.10000000000002 51.3328
241.20000000000002 51.3876
241.3 51.4424
241.4 51.4972
241.5 51.552
241.60000000000002 51.6068
241.70000000000002 51.6616
241.8 51.7164
241.9 51.7712
242.0 51.826
242.10000000000002 51.8808
242.20000000000002 51.9356
242.3 51.9904
242.4 52.0452
242.5 52.1
242.60000000000002 52.1548
242.70000000000002 52.2096
242.8 52.2644
242.9 52.3192
243.0 52.374
243.10000000000002 52.4288
243.20000000000002 52.4836
243.3 52.5384
243.4 52.5932
243.5 52.648
243.60000000000002 52.7028
243.70000000000002 52.7576
243.8 52.8124
243.9 52.8672
244.0 52.922
244.10000000000002 52.9768
244.20000000000002 53.0316
244.3 53.0864
244.4 53.1412
244.5 53.196
244.60000000000002 53.2508
244.70000000000002 53.3056
244.8 53.3604
244.9 53.4152
245.0 53.47
245.10000000000002 53.4508
245.20000000000002 53.4316
245.3 53.4124
245.4 53.3932
245.5 53.374
245.60000000000002 53.3548
245.70000000000002 53.3356
245.8 53.3164
245.9 53.2972
246.0 53.278
246.10000000000002 53.2588
246.20000000000002 53.2396
246.3 53.2204
246.4 53.2012
246.5 53.182
246.60000000000002 53.1628
246.70000000000002 53.1436
246.8 53.1244
246.9 53.1052
247.0 53.086
247.10000000000002 53.0668
247.20000000000002 53.0476
247.3 53.0284
247.4 53.0092
247.5 52.99
247.60000000000002 52.9708
247.70000000000002 52.9516
247.8 52.9324
247.9 52.9132
248.0 52.894
248.10000000000002 52.8748
248.20000000000002 52.8556
248.3 52.8364
248.4 52.8172
248.5 52.798
248.60000000000002 52.7788
248.70000000000002 52.7596
248.8 52.7404
248.9 52.7212
249.0 52.702
249.10000000000002 52.6828
249.20000000000002 52.6636
249.3 52.6444
249.4 52.6252
249.5 52.606
249.60000000000002 52.5868
249.70000000000002 52.5676
249.8 52.5484
249.9 52.5292
250.0 52.51
250.10000000000002 52.4924
250.20000000000002 52.4748
250.3 52.4572
250.4 52.4396
250.5 52.422
250.60000000000002 52.4044
250.70000000000002 52.3868
250.8 52.3692
250.9 52.3516
251.0 52.334
251.10000000000002 52.3164
251.20000000000002 52.2988
251.3 52.2812
251.4 52.2636
251.5 52.246
251.60000000000002 52.2284
251.70000000000002 52.2108
251.8 52.1932
251.9 52.1756
252.0 52.158
252.10000000000002 52.1404
252.20000000000002 52.1228
252.3 52.1052
252.4 52.0876
252.5 52.07
252.60000000000002 52.0524
252.70000000000002 52.0348
252.8 52.0172
252.9 51.9996
253.0 51.982
253.10000000000002 51.9644
253.20000000000002 51.9468
253.3 51.9292
253.4 51.9116
253.5 51.894
253.60000000000002 51.8764
253.70000000000002 51.8588
253.8 51.8412
253.9 51.8236
254.0 51.806
254.10000000000002 51.7884
254.20000000000002 51.7708
254.3 51.7532
254.4 51.7356
254.5 51.718
254.60000000000002 51.7004
254.70000000000002 51.6828
254.8 51.6652
254.9 51.6476
255.0 51.63
255.10000000000002 51.5988
255.20000000000002 51.5676
255.3 51.5364
255.4 51.5052
255.5 51.474
255.60000000000002 51.4428
255.70000000000002 51.4116
255.8 51.3804
255.9 51.3492
256.0 51.318
256.1 51.2868
256.2 51.2556
256.3 51.2244
256.40000000000003 51.1932
256.5 51.162
256.6 51.1308
256.7 51.0996
256.8 51.0684
256.90000000000003 51.0372
257.0 51.006
257.1 50.9748
257.2 50.9436
257.3 50.9124
257.40000000000003 50.8812
257.5 50.85
257.6 50.8188
257.7 50.7876
257.8 50.7564
257.90000000000003 50.7252
258.0 50.694
258.1 50.6628
258.2 50.6316
258.3 50.6004
258.40000000000003 50.5692
258.5 50.538
258.6 50.5068
258.7 50.4756
258.8 50.4444
258.90000000000003 50.4132
259.0 50.382
259.1 50.3508
259.2 50.3196
259.3 50.2884
259.40000000000003 50.2572
259.5 50.226
259.6 50.1948
259.7 50.1636
259.8 50.1324
259.90000000000003 50.1012
260.0 50.07
260.1 49.9824
260.2 49.8948
260.3 49.8072
260.40000000000003 49.7196
260.5 49.632
260.6 49.5444
260.7 49.4568
260.8 49.3692
260.90000000000003 49.2816
261.0 49.194
261.1 49.1064
261.2 49.0188
261.3 48.9312
261.40000000000003 48.8436
261.5 48.756
261.6 48.6684
261.7 48.5808
261.8 48.4932
261.90000000000003 48.4056
262.0 48.318
262.1 48.2304
262.2 48.1428
262.3 48.0552
262.40000000000003 47.9676
262.5 47.88
262.6 47.7924
262.7 47.7048
262.8 47.6172
262.90000000000003 47.5296
263.0 47.442
263.1 47.3544
263.2 47.2668
263.3 47.1792
263.40000000000003 47.0916
263.5 47.004
263.6 46.9164
263.7 46.8288
263.8 46.7412
263.90000000000003 46.6536
264.0 46.566
264.1 46.4784
264.2 46.3908
264.3 46.3032
264.40000000000003 46.2156
264.5 46.128
264.6 46.0404
264.7 45.9528
264.8 45.8652
264.90000000000003 45.7776
265.0 45.69
265.1 45.528
265.2 45.366
265.3 45.204
265.40000000000003 45.042
265.5 44.88
265.6 44.718
265.7 44.556
265.8 44.394
265.90000000000003 44.232
266.0 44.07
266.1 43.908
266.2 43.746
266.3 43.584
266.40000000000003 43.422
266.5 43.26
266.6 43.098
266.7 42.936
266.8 42.774
266.90000000000003 42.612
267.0 42.45
267.1 42.288
267.2 42.126
267.3 41.964
267.40000000000003 41.802
267.5 41.64
267.6 41.478
267.7 41.316
267.8 41.154
267.90000000000003 40.992
268.0 40.83
268.1 40.668
268.2 40.506
268.3 40.344
268.40000000000003 40.182
268.5 40.02
268.6 39.858
268.7 39.696
268.8 39.534
268.90000000000003 39.372
269.0 39.21
269.1 39.048
269.2 38.886
269.3 38.724
269.40000000000003 38.562
269.5 38.4
269.6 38.238
269.7 38.076
269.8 37.914
269.90000000000003 37.752
270.0 37.59
270.1 37.3362
270.2 37.0824
270.3 36.8286
270.40000000000003 36.5748
270.5 36.321
270.6 36.0672
270.7 35.8134
270.8 35.5596
270.90000000000003 35.3058
271.0 35.052
271.1 34.7982
271.2 34.5444
271.3 34.2906
271.40000000000003 34.0368
271.5 33.783
271.6 33.5292
271.7 33.2754
271.8 33.0216
271.90000000000003 32.7678
272.0 32.514
272.1 32.2602
272.2 32.0064
272.3 31.7526
272.40000000000003 31.4988
272.5 31.245
272.6 30.9912
272.7 30.7374
272.8 30.4836
272.90000000000003 30.2298
273.0 29.976
273.1 29.7222
273.2 29.4684
273.3 29.2146
273.40000000000003 28.9608
273.5 28.707
273.6 28.4532
273.7 28.1994
273.8 27.9456
273.90000000000003 27.6918
274.0 27.438
274.1 27.1842
274.2 26.9304
274.3 26.6766
274.40000000000003 26.4228
274.5 26.169
274.6 25.9152
274.7 25.6614
274.8 25.4076
274.90000000000003 25.1538
275.0 24.9
275.1 24.6186
275.2 24.3372
275.3 24.0558
275.40000000000003 23.7744
275.5 23.493
275.6 23.2116
275.7 22.9302
275.8 22.6488
275.90000000000003 22.3674
276.0 22.086
276.1 21.8046
276.2 21.5232
276.3 21.2418
276.40000000000003 20.9604
276.5 20.679
276.6 20.3976
276.7 20.1162
276.8 19.8348
276.90000000000003 19.5534
277.0 19.272
277.1 18.9906
277.2 18.7092
277.3 18.4278
277.40000000000003 18.1464
277.5 17.865
277.6 17.5836
277.7 17.3022
277.8 17.0208
277.90000000000003 16.7394
278.0 16.458
278.1 16.1766
278.2 15.8952
278.3 15.6138
278.40000000000003 15.3324
278.5 15.051
278.6 14.7696
278.7 14.4882
278.8 14.2068
278.90000000000003 13.9254
279.0 13.644
279.1 13.3626
279.2 13.0812
279.3 12.7998
279.40000000000003 12.5184
279.5 12.237
279.6 11.9556
279.7 11.6742
279.8 11.3928
279.90000000000003 11.1114
280.0 10.83
280.1 10.6824
280.2 10.5348
280.3 10.3872
280.40000000000003 10.2396
280.5 10.092
280.6 9.9444
280.7 9.7968
280.8 9.6492
280.90000000000003 9.5016
281.0 9.354
281.1 9.2064
281.2 9.0588
281.3 8.9112
281.40000000000003 8.7636
281.5 8.616
281.6 8.4684
281.7 8.3208
281.8 8.1732
281.90000000000003 8.0256
282.0 7.878
282.1 7.7304
282.2 7.5828
282.3 7.4352
282.40000000000003 7.2876
282.5 7.14
282.6 6.9924
282.7 6.8448
282.8 6.6972
282.90000000000003 6.5496
283.0 6.402
283.1 6.2544
283.2 6.1068
283.3 5.9592
283.40000000000003 5.8116
283.5 5.664
283.6 5.5164
283.7 5.3688
283.8 5.2212
283.90000000000003 5.0736
284.0 4.926
284.1 4.7784
284.2 4.6308
284.3 4.4832
284.40000000000003 4.3356
284.5 4.188
284.6 4.0404
284.7 3.8928
284.8 3.7452
284.90000000000003 3.5976
285.0 3.45
285.1 3.406
285.2 3.362
285.3 3.318
285.40000000000003 3.274
285.5 3.23
285.6 3.186
285.7 3.142
285.8 3.098
285.90000000000003 3.054
286.0 3.01
286.1 2.966
286.2 2.922
286.3 2.878
286.40000000000003 2.834
286.5 2.79
286.6 2.746
286.7 2.702
286.8 2.658
286.90000000000003 2.614
287.0 2.57
287.1 2.526
287.2 2.482
287.3 2.438
287.40000000000003 2.394
287.5 2.35
287.6 2.306
287.7 2.262
287.8 2.218
287.90000000000003 2.174
288.0 2.13
288.1 2.086
288.2 2.042
288.3 1.998
288.40000000000003 1.954
288.5 1.91
288.6 1.866
288.7 1.822
288.8 1.778
288.90000000000003 1.734
289.0 1.69
289.1 1.646
289.2 1.602
289.3 1.558
289.40000000000003 1.514
289.5 1.47
289.6 1.426
289.7 1.382
289.8 1.338
289.90000000000003 1.294
290.0 1.25
290.1 1.2522
290.2 1.2544
290.3 1.2566
290.40000000000003 1.2588
290.5 1.261
290.6 1.2632
290.7 1.2654
290.8 1.2676
290.90000000000003 1.2698
291.0 1.272
291.1 1.2742
291.2 1.2764
291.3 1.2786
291.40000000000003 1.2808
291.5 1.283
291.6 1.2852
291.7 1.2874
291.8 1.2896
291.90000000000003 1.2918
292.0 1.294
292.1 1.2962
292.2 1.2984
292.3 1.3006
292.40000000000003 1.3028
292.5 1.305
292.6 1.3072
292.7 1.3094
292.8 1.3116
292.90000000000003 1.3138
293.0 1.316
293.1 1.3182
293.2 1.3204
293.3 1.3226
293.40000000000003 1.3248
293.5 1.327
293.6 1.3292
293.7 1.3314
293.8 1.3336
293.90000000000003 1.3358
294.0 1.338
294.1 1.3402
294.2 1.3424
294.3 1.3446
294.40000000000003 1.3468
294.5 1.349
294.6 1.3512
294.7 1.3534
294.8 1.3556
294.90000000000003 1.3578
295.0 1.36
295.1 1.3698
295.2 1.3796
295.3 1.3894
295.40000000000003 1.3992
295.5 1.409
295.6 1.4188
295.7 1.4286
295.8 1.4384
295.90000000000003 1.4482
296.0 1.458
296.1 1.4678
296.2 1.4776
296.3 1.4874
296.40000000000003 1.4972
296.5 1.507
296.6 1.5168
296.7 1.5266
296.8 1.5364
296.90000000000003 1.5462
297.0 1.556
297.1 1.5658
297.2 1.5756
297.3 1.5854
297.40000000000003 1.5952
297.5 1.605
297.6 1.6148
297.7 1.6246
297.8 1.6344
297.90000000000003 1.6442
298.0 1.654
298.1 1.6638
298.2 1.6736
298.3 1.6834
298.40000000000003 1.6932
298.5 1.703
298.6 1.7128
298.7 1.7226
298.8 1.7324
298.90000000000003 1.7422
299.0 1.752
299.1 1.7618
299.2 1.7716
299.3 1.7814
299.40000000000003 1.7912
299.5 1.801
299.6 1.8108
299.7 1.8206
299.8 1.8304
299.90000000000003 1.8402
300.0 1.85
300.1 1.665
300.2 1.48
300.3 1.295
300.40000000000003 1.11
300.5 0.925
300.6 0.74
300.7 0.555
300.8 0.37
300.90000000000003 0.185
301.0 0.0
