wavelength transmission
115.0 0.00154997
116.0 0.00567335
116.2 0.00705075
116.30000000000001 0.00773268
116.4 0.00844854
116.5 0.0092144
116.60000000000001 0.0100244
116.7 0.0108799
116.80000000000001 0.0117822
116.9 0.0127327
117.0 0.0137328
117.10000000000001 0.0147542
117.2 0.0158244
117.30000000000001 0.0169445
117.4 0.0181159
117.5 0.0193277
117.60000000000001 0.0203793
117.7 0.0214693
117.80000000000001 0.022585
117.9 0.0237538
118.0 0.024949
118.10000000000001 0.0261392
118.2 0.0273516
118.30000000000001 0.0286173
118.4 0.0299056
118.5 0.0312495
118.60000000000001 0.0326164
118.7 0.0340412
118.80000000000001 0.0354894
118.9 0.036998
119.0 0.0385303
119.10000000000001 0.0399957
119.2 0.0414764
119.30000000000001 0.043013
119.4 0.0445649
119.5 0.0461746
119.60000000000001 0.0477995
119.7 0.0494841
119.80000000000001 0.0511838
119.9 0.0529452
120.0 0.054697
120.10000000000001 0.0559387
120.2 0.0571695
120.30000000000001 0.058414
120.4 0.0596987
120.5 0.0609712
120.60000000000001 0.0622575
120.7 0.0635576
120.80000000000001 0.0648718
120.9 0.0661999
121.0 0.0675421
121.10000000000001 0.0689065
121.2 0.0702854
121.30000000000001 0.0716788
121.4 0.0730869
121.5 0.0745097
121.60000000000001 0.075249941
121.7 0.076287852
121.80000000000001 0.077297225
121.9 0.07786472
122.0 0.07836542
122.10000000000001 0.07810174
122.2 0.07776649
122.30000000000001 0.07748494
122.4 0.07720105000000001
122.5 0.07612089
122.60000000000001 0.07493586
122.7 0.07240806000000001
122.80000000000001 0.06990629999999999
122.9 0.064834
123.0 0.0597223
123.10000000000001 0.055902799999999996
123.2 0.0520548
123.30000000000001 0.0495535
123.4 0.04704850000000001
123.5 0.04452009999999999
123.60000000000001 0.04200870000000001
123.7 0.0394761
123.80000000000001 0.036958300000000006
123.9 0.0344369
124.0 0.031897800000000004
124.10000000000001 0.0305148
124.2 0.029118500000000005
124.30000000000001 0.027735299999999997
124.4 0.026351700000000006
124.5 0.02495660000000001
124.60000000000001 0.023572699999999995
124.7 0.022188399999999997
124.80000000000001 0.020794499999999994
124.9 0.0201934
125.0 0.019583500000000004
125.10000000000001 0.01911120000000001
125.2 0.018639500000000003
125.30000000000001 0.018160400000000007
125.4 0.017690399999999995
125.5 0.0172133
125.60000000000001 0.016744899999999993
125.7 0.01627709999999999
125.80000000000001 0.01580300000000001
125.9 0.0153369
126.0 0.0148649
126.10000000000001 0.014540499999999998
126.2 0.014216800000000002
126.30000000000001 0.0138876
126.4 0.013565500000000008
126.5 0.013238100000000003
126.60000000000001 0.012917700000000004
126.7 0.012597799999999992
126.80000000000001 0.012273300000000001
126.9 0.011955099999999996
127.0 0.011632299999999998
127.10000000000001 0.011312600000000006
127.2 0.010993699999999995
127.30000000000001 0.010670899999999997
127.4 0.010354000000000002
127.5 0.010033399999999998
127.60000000000001 0.009713900000000011
127.7 0.009395700000000007
127.80000000000001 0.009078600000000006
127.9 0.00876260000000001
128.0 0.008447800000000005
128.1 0.00827180000000001
128.20000000000002 0.008100099999999999
128.3 0.0079293
128.4 0.007759200000000008
128.5 0.007589600000000002
128.6 0.007417300000000002
128.70000000000002 0.0072490999999999944
128.8 0.007081699999999996
128.9 0.006914799999999999
129.0 0.0067485999999999935
129.1 0.006579400000000013
129.20000000000002 0.006414100000000006
129.3 0.006249500000000005
129.4 0.006085499999999994
129.5 0.0059221
129.6 0.005759500000000001
129.70000000000002 0.0055949
129.8 0.0054337
129.9 0.005273100000000003
130.0 0.005113200000000012
130.1 0.004930000000000004
130.20000000000002 0.004747500000000002
130.3 0.004566200000000006
130.4 0.004387799999999997
130.5 0.004208100000000006
130.6 0.0040292999999999995
130.70000000000002 0.003851499999999994
130.8 0.003674700000000003
130.9 0.0035005000000000036
131.0 0.0033253000000000033
131.1 0.0031512000000000068
131.20000000000002 0.0029780000000000084
131.3 0.0028056999999999943
131.4 0.002635699999999991
131.5 0.0024651000000000117
131.6 0.002295400000000003
131.70000000000002 0.002126700000000009
131.8 0.0019588999999999995
131.9 0.0017927999999999972
132.0 0.001626599999999992
132.1 0.001607299999999992
132.20000000000002 0.001588099999999995
132.3 0.001569000000000001
132.4 0.001550700000000002
132.5 0.0015317999999999998
132.6 0.0015121999999999913
132.70000000000002 0.001493399999999992
132.8 0.0014746999999999955
132.9 0.0014561000000000018
133.0 0.0014369000000000048
133.1 0.001418500000000003
133.20000000000002 0.0014002000000000042
133.3 0.0013819999999999943
133.4 0.0013637000000000093
133.5 0.001344999999999999
133.6 0.0013270000000000087
133.70000000000002 0.0013091999999999965
133.8 0.001291399999999998
133.9 0.0012729999999999964
134.0 0.0012553999999999899
134.1 0.0011364999999999986
134.20000000000002 0.0010181999999999969
134.3 0.0009001999999999899
134.4 0.0007833000000000007
134.5 0.0006670000000000009
134.6 0.0005513999999999936
134.70000000000002 0.0004363000000000006
134.8 0.00032189999999999996
134.9 0.00020839999999999748
135.0 9.539999999999549e-05
135.1 0.0
135.20000000000002 0.0
135.3 0.0
135.4 0.0
135.5 0.0
135.6 0.0
135.70000000000002 0.0
135.8 0.0
135.9 0.0
136.0 0.0
136.1 0.0
136.20000000000002 0.0
136.3 0.0
136.4 0.0
136.5 0.0
136.6 0.0
136.70000000000002 0.0
136.8 0.0
136.9 0.0
137.0 0.0
137.1 0.0
137.20000000000002 0.0
137.3 0.0
137.4 0.0
137.5 0.0
137.6 0.0
137.70000000000002 0.0
137.8 0.0
137.9 0.0
138.0 0.0
138.1 0.0
138.20000000000002 0.0
138.3 0.0
138.4 0.0
138.5 0.0
138.6 0.0
138.70000000000002 0.0
138.8 0.0
138.9 0.0
139.0 0.0
139.1 0.0
139.20000000000002 0.0
139.3 0.0
139.4 0.0
139.5 0.0
139.6 0.0
139.70000000000002 0.0
139.8 0.0
139.9 0.0
140.0 0.0
140.1 0.0
140.20000000000002 0.0
140.3 0.0
140.4 0.0
140.5 0.0
140.6 0.0
140.70000000000002 0.0
140.8 0.0
140.9 0.0
141.0 0.0
141.1 0.0
141.20000000000002 0.0
141.3 0.0
141.4 0.0
141.5 0.0
141.6 0.0
141.70000000000002 0.0
141.8 0.0
141.9 0.0
142.0 0.0
142.1 0.0
142.20000000000002 0.0
142.3 0.0
142.4 0.0
142.5 0.0
142.6 0.0
142.70000000000002 0.0
142.8 0.0
142.9 0.0
143.0 0.0
143.1 0.0
143.20000000000002 0.0
143.3 0.0
143.4 0.0
143.5 0.0
143.6 0.0
143.70000000000002 0.0
143.8 0.0
143.9 0.0
144.0 0.0
144.1 0.0
144.20000000000002 0.0
144.3 0.0
144.4 0.0
144.5 0.0
144.6 0.0
144.70000000000002 0.0
144.8 0.0
144.9 0.0
145.0 0.0
145.1 0.0
145.20000000000002 0.0
145.3 0.0
145.4 0.0
145.5 0.0
145.6 0.0
145.70000000000002 0.0
145.8 0.0
145.9 0.0
146.0 0.0
146.1 0.0
146.20000000000002 0.0
146.3 0.0
146.4 0.0
146.5 0.0
146.6 0.0
146.70000000000002 0.0
146.8 0.0
146.9 0.0
147.0 0.0
147.1 0.0
147.20000000000002 0.0
147.3 0.0
147.4 0.0
147.5 0.0
147.6 2.590000000000231e-05
147.70000000000002 6.339999999999818e-05
147.8 0.00010050000000000336
147.9 0.00013720000000000399
148.0 0.00017369999999999886
148.1 0.0002097999999999961
148.20000000000002 0.0002453999999999998
148.3 0.00028080000000000466
148.4 0.0003157000000000021
148.5 0.00035049999999999665
148.6 0.0003847000000000017
148.70000000000002 0.000418700000000001
148.8 0.00045229999999999576
148.9 0.00048569999999999863
149.0 0.0005188999999999958
149.1 0.0005511999999999947
149.20000000000002 0.0005836999999999995
149.3 0.0006153999999999951
149.4 0.0006470999999999977
149.5 0.0006781000000000009
149.6 0.0007092000000000001
149.70000000000002 0.0007394000000000012
149.8 0.000769899999999997
149.9 0.000800099999999998
150.0 0.0008292999999999981
150.1 0.0008439000000000016
150.20000000000002 0.0008577999999999988
150.3 0.0008719999999999978
150.4 0.0008862000000000037
150.5 0.0008994000000000016
150.6 0.0009132000000000029
150.70000000000002 0.0009267000000000025
150.8 0.0009394999999999959
150.9 0.0009527000000000008
151.0 0.0009650000000000006
151.1 0.0009778999999999968
151.20000000000002 0.0009905999999999943
151.3 0.0010022999999999976
151.4 0.0010147000000000003
151.5 0.0010269000000000042
151.6 0.0010381000000000001
151.70000000000002 0.0010500000000000023
151.8 0.0010608000000000006
151.9 0.0010723999999999942
152.0 0.0010838000000000028
152.1 0.0010940000000000047
152.20000000000002 0.0011050000000000018
152.3 0.001115999999999999
152.4 0.0011255999999999974
152.5 0.0011362000000000039
152.6 0.0011466000000000046
152.70000000000002 0.0011557999999999985
152.8 0.0011659000000000044
152.9 0.0011758000000000046
153.0 0.001184600000000001
153.1 0.0011940999999999966
153.20000000000002 0.0012034999999999962
153.3 0.0012128
153.4 0.001220800000000001
153.5 0.0012297999999999962
153.60000000000002 0.0012386000000000064
153.70000000000002 0.001246199999999996
153.8 0.0012546000000000015
153.9 0.0012630000000000002
154.0 0.001271300000000003
154.10000000000002 0.0012780999999999973
154.20000000000002 0.0012860999999999984
154.3 0.0012937999999999977
154.4 0.0013000999999999985
154.5 0.001307700000000002
154.60000000000002 0.0013149000000000008
154.70000000000002 0.0013220999999999997
154.8 0.0013279
154.9 0.001334799999999997
155.0 0.0013415000000000024
155.10000000000002 0.0013224999999999973
155.20000000000002 0.0013022000000000034
155.3 0.0012835
155.4 0.0012648999999999994
155.5 0.0012460999999999965
155.60000000000002 0.0012275999999999988
155.70000000000002 0.0012092000000000006
155.8 0.0011909000000000017
155.9 0.0011728999999999976
156.0 0.0011550000000000032
156.10000000000002 0.0011372000000000014
156.20000000000002 0.0011196000000000018
156.3 0.0011020000000000023
156.4 0.001084700000000001
156.5 0.0010677000000000013
156.60000000000002 0.0010505999999999988
156.70000000000002 0.001033700000000002
156.8 0.0010169000000000011
156.9 0.001000299999999999
157.0 0.0009838
157.10000000000002 0.0009676999999999984
157.20000000000002 0.0009516000000000004
157.3 0.0009356000000000017
157.4 0.000919699999999999
157.5 0.0009039999999999986
157.60000000000002 0.0008885999999999998
157.70000000000002 0.0008733000000000005
157.8 0.0008581000000000005
157.9 0.0008430999999999994
158.0 0.0008281999999999977
158.10000000000002 0.0008134999999999983
158.20000000000002 0.0007989000000000017
158.3 0.0007844000000000011
158.4 0.0007701999999999987
158.5 0.0007559000000000003
158.60000000000002 0.0007418000000000008
158.70000000000002 0.0007279999999999995
158.8 0.0007141999999999982
158.9 0.0007004999999999997
159.0 0.0006869000000000007
159.10000000000002 0.000673499999999997
159.20000000000002 0.0006602999999999991
159.3 0.0006472000000000006
159.4 0.0006343000000000008
159.5 0.0006213999999999976
159.60000000000002 0.0006085000000000014
159.70000000000002 0.0005959999999999993
159.8 0.0005834999999999972
159.9 0.0005711000000000015
160.0 0.0005587999999999982
160.10000000000002 0.0005570000000000019
160.20000000000002 0.0005550999999999993
160.3 0.0005530999999999973
160.4 0.0005511999999999982
160.5 0.0005491999999999997
160.60000000000002 0.0005472999999999971
160.70000000000002 0.000545300000000002
160.8 0.0005433
160.9 0.000541299999999998
161.0 0.0005392999999999995
161.10000000000002 0.0005374999999999998
161.20000000000002 0.0005354999999999978
161.3 0.0005336000000000021
161.4 0.0005316000000000001
161.5 0.0005295999999999981
161.60000000000002 0.0005275999999999996
161.70000000000002 0.0005257000000000005
161.8 0.0005236999999999985
161.9 0.0005216000000000005
162.0 0.0005195999999999985
162.10000000000002 0.0005176
162.20000000000002 0.0005156999999999974
162.3 0.0005136999999999989
162.4 0.0005117000000000003
162.5 0.0005097000000000018
162.60000000000002 0.0005077999999999992
162.70000000000002 0.0005059999999999995
162.8 0.0005039999999999975
162.9 0.0005021000000000019
163.0 0.0005001999999999993
163.10000000000002 0.0004983000000000001
163.20000000000002 0.0004963999999999975
163.3 0.0004945000000000019
163.4 0.0004927999999999981
163.5 0.0004907999999999996
163.60000000000002 0.0004889000000000004
163.70000000000002 0.0004870000000000013
163.8 0.0004850999999999987
163.9 0.00048320000000000307
164.0 0.00048120000000000107
164.10000000000002 0.0004792999999999985
164.20000000000002 0.0004774000000000028
164.3 0.00047550000000000023
164.4 0.0004736000000000011
164.5 0.0004718000000000014
164.60000000000002 0.0004697
164.70000000000002 0.00046780000000000085
164.8 0.0004658000000000023
164.9 0.00046389999999999973
165.0 0.0004620000000000006
165.10000000000002 0.00046469999999999845
165.20000000000002 0.00046750000000000264
165.3 0.0004702000000000005
165.4 0.0004729000000000018
165.5 0.00047550000000000023
165.60000000000002 0.00047799999999999926
165.70000000000002 0.0004803999999999989
165.8 0.000482800000000002
165.9 0.00048519999999999813
166.0 0.00048739999999999895
166.10000000000002 0.0004896999999999992
166.20000000000002 0.0004919
166.3 0.0004940000000000014
166.4 0.0004960999999999993
166.5 0.0004980999999999979
166.60000000000002 0.0005000999999999999
166.70000000000002 0.0005018999999999996
166.8 0.0005036999999999993
166.9 0.000505499999999999
167.0 0.0005071999999999993
167.10000000000002 0.000508800000000002
167.20000000000002 0.0005103999999999994
167.3 0.0005120000000000003
167.4 0.0005135000000000018
167.5 0.0005149000000000004
167.60000000000002 0.0005167000000000001
167.70000000000002 0.0005181999999999999
167.8 0.0005196999999999997
167.9 0.0005209999999999989
168.0 0.0005224999999999987
168.10000000000002 0.0005239000000000008
168.20000000000002 0.0005252
168.3 0.0005264999999999992
168.4 0.000527699999999999
168.5 0.0005287999999999994
168.60000000000002 0.0005297999999999987
168.70000000000002 0.0005309000000000008
168.8 0.0005319000000000001
168.9 0.0005327999999999999
169.0 0.0005338000000000009
169.10000000000002 0.0005344999999999985
169.20000000000002 0.000535299999999999
169.3 0.0005360999999999994
169.4 0.0005368000000000005
169.5 0.0005374000000000004
169.60000000000002 0.0005378999999999991
169.70000000000002 0.000538499999999999
169.8 0.0005388000000000007
169.9 0.0005392999999999995
170.0 0.0005395
170.10000000000002 0.0005321000000000006
170.20000000000002 0.0005246000000000001
170.3 0.0005171999999999989
170.4 0.0005099000000000006
170.5 0.0005024999999999995
170.60000000000002 0.0004953000000000006
170.70000000000002 0.0004881
170.8 0.00048109999999999993
170.9 0.00047390000000000106
171.0 0.00046670000000000045
171.10000000000002 0.00045990000000000093
171.20000000000002 0.00045299999999999854
171.3 0.00044619999999999903
171.4 0.0004393000000000001
171.5 0.0004325000000000006
171.60000000000002 0.0004258999999999999
171.70000000000002 0.0004191999999999998
171.8 0.0004126999999999985
171.9 0.0004059999999999984
172.0 0.00039959999999999996
172.10000000000002 0.00039309999999999866
172.20000000000002 0.00038670000000000024
172.3 0.0003803999999999995
172.4 0.0003741999999999999
172.5 0.00036789999999999913
172.60000000000002 0.0003620999999999989
172.70000000000002 0.0003560999999999998
172.8 0.0003503000000000013
172.9 0.0003444999999999993
173.0 0.0003388999999999996
173.10000000000002 0.0003332000000000005
173.20000000000002 0.00032759999999999907
173.3 0.00032199999999999937
173.4 0.0003164000000000014
173.5 0.0003110999999999999
173.60000000000002 0.0003055000000000002
173.70000000000002 0.00030017999999999885
173.8 0.00029481000000000125
173.9 0.0002894999999999998
174.0 0.0002842999999999995
174.10000000000002 0.0002790300000000013
174.20000000000002 0.0002738499999999991
174.3 0.00026872000000000007
174.4 0.00026371000000000033
174.5 0.00025866000000000083
174.60000000000002 0.0002536599999999993
174.70000000000002 0.00024869999999999927
174.8 0.00024379000000000067
174.9 0.00023900999999999957
175.0 0.0002341899999999987
175.10000000000002 0.00023105
175.20000000000002 0.00022799000000000083
175.3 0.00022496999999999968
175.4 0.00022187999999999895
175.5 0.00021888000000000116
175.60000000000002 0.00021589999999999977
175.70000000000002 0.00021288000000000036
175.8 0.0002099299999999988
175.9 0.00020694000000000094
176.0 0.00020404000000000082
176.10000000000002 0.00020116000000000057
176.20000000000002 0.00019821999999999895
176.3 0.0001953800000000002
176.4 0.00019248000000000008
176.5 0.00018966999999999942
176.60000000000002 0.00018687999999999864
176.70000000000002 0.0001840399999999999
176.8 0.00018129000000000062
176.9 0.00017847999999999996
177.0 0.0001757600000000005
177.10000000000002 0.0001730800000000008
177.20000000000002 0.0001703299999999998
177.3 0.00016766999999999997
177.4 0.00016503000000000004
177.5 0.00016235000000000034
177.60000000000002 0.0001599299999999991
177.70000000000002 0.00015746999999999896
177.8 0.0001550900000000001
177.9 0.00015271000000000035
178.0 0.0001502999999999999
178.10000000000002 0.00014795999999999993
178.20000000000002 0.00014559000000000013
178.3 0.00014327999999999997
178.4 0.00014093000000000005
178.5 0.00013866000000000052
178.60000000000002 0.00013640000000000006
178.70000000000002 0.00013409999999999984
178.8 0.00013188000000000002
178.9 0.0001296100000000005
179.0 0.00012740999999999968
179.10000000000002 0.00012524000000000042
179.20000000000002 0.0001230200000000006
179.3 0.00012087999999999943
179.4 0.00011870000000000023
179.5 0.00011658999999999975
179.60000000000002 0.00011449000000000008
179.70000000000002 0.00011235000000000064
179.8 0.00011028999999999987
179.9 0.0001081900000000002
180.0 0.00010616000000000011
180.10000000000002 0.00010628000000000026
180.20000000000002 0.00010637999999999967
180.3 0.00010647
180.4 0.00010651000000000063
180.5 0.00010658000000000022
180.60000000000002 0.00010665999999999974
180.70000000000002 0.00010671000000000031
180.8 0.00010676000000000001
180.9 0.00010679999999999978
181.0 0.0001068299999999996
181.10000000000002 0.00010685000000000035
181.20000000000002 0.00010680999999999972
181.3 0.00010681999999999966
181.4 0.00010680999999999972
181.5 0.00010678999999999984
181.60000000000002 0.00010676999999999996
181.70000000000002 0.00010674000000000013
181.8 0.0001066999999999995
181.9 0.00010662999999999992
182.0 0.0001065199999999997
182.10000000000002 0.00010645000000000012
182.20000000000002 0.00010636999999999973
182.3 0.00010628000000000026
182.4 0.00010617999999999999
182.5 0.00010606999999999978
182.60000000000002 0.00010600999999999926
182.70000000000002 0.00010594000000000055
182.8 0.00010586000000000016
182.9 0.00010576999999999982
183.0 0.00010566999999999955
183.10000000000002 0.00010556999999999928
183.20000000000002 0.00010545999999999993
183.3 0.0001053300000000007
183.4 0.0001052000000000006
183.5 0.00010506000000000057
183.60000000000002 0.00010491000000000059
183.70000000000002 0.00010475999999999975
183.8 0.00010458999999999989
183.9 0.00010441000000000009
184.0 0.00010422000000000035
184.10000000000002 0.00010402999999999975
184.20000000000002 0.00010382000000000013
184.3 0.00010360999999999964
184.4 0.00010339000000000008
184.5 0.00010316000000000058
184.60000000000002 0.00010292999999999934
184.70000000000002 0.00010267999999999996
184.8 0.00010241999999999977
184.9 0.0001021500000000005
185.0 0.00010186999999999957
185.10000000000002 0.00010053999999999966
185.20000000000002 9.919999999999981e-05
185.3 9.787000000000077e-05
185.4 9.655999999999988e-05
185.5 9.524999999999985e-05
185.60000000000002 9.393999999999982e-05
185.70000000000002 9.265000000000054e-05
185.8 9.136999999999947e-05
185.9 9.009000000000014e-05
186.0 8.881999999999987e-05
186.10000000000002 8.756000000000042e-05
186.20000000000002 8.630000000000009e-05
186.3 8.506000000000052e-05
186.4 8.382000000000008e-05
186.5 8.258999999999957e-05
186.60000000000002 8.136999999999988e-05
186.70000000000002 8.015000000000019e-05
186.8 7.894000000000043e-05
186.9 7.768999999999918e-05
187.0 7.650999999999925e-05
187.10000000000002 7.531999999999938e-05
187.20000000000002 7.415000000000026e-05
187.3 7.298999999999934e-05
187.4 7.183000000000016e-05
187.5 7.067999999999918e-05
187.60000000000002 6.960000000000039e-05
187.70000000000002 6.851999999999987e-05
187.8 6.746000000000009e-05
187.9 6.635000000000018e-05
188.0 6.528999999999997e-05
188.10000000000002 6.42399999999997e-05
188.20000000000002 6.321999999999968e-05
188.3 6.218000000000022e-05
188.4 6.111000000000007e-05
188.5 6.0090000000000057e-05
188.60000000000002 5.907999999999998e-05
188.70000000000002 5.8100000000000165e-05
188.8 5.710000000000003e-05
188.9 5.6059999999999704e-05
189.0 5.509000000000026e-05
189.10000000000002 5.411999999999995e-05
189.20000000000002 5.3169999999999953e-05
189.3 5.216999999999982e-05
189.4 5.1219999999999825e-05
189.5 5.0290000000000144e-05
189.60000000000002 4.936000000000003e-05
189.70000000000002 4.8419999999999973e-05
189.8 4.74999999999998e-05
189.9 4.659e-05
190.0 4.56800000000002e-05
190.10000000000002 4.4939999999999824e-05
190.20000000000002 4.4210000000000256e-05
190.3 4.3480000000000255e-05
190.4 4.274999999999982e-05
190.5 4.204000000000013e-05
190.60000000000002 4.131999999999964e-05
190.70000000000002 4.060999999999995e-05
190.8 3.989999999999983e-05
190.9 3.9190000000000145e-05
191.0 3.8499999999999906e-05
191.10000000000002 3.78100000000001e-05
191.20000000000002 3.711999999999986e-05
191.3 3.644e-05
191.4 3.577000000000007e-05
191.5 3.509000000000021e-05
191.60000000000002 3.442999999999979e-05
191.70000000000002 3.376999999999981e-05
191.8 3.3109999999999824e-05
191.9 3.2460000000000214e-05
192.0 3.181000000000017e-05
192.10000000000002 3.118000000000001e-05
192.20000000000002 3.054999999999985e-05
192.3 2.992000000000012e-05
192.4 2.928999999999996e-05
192.5 2.8669999999999737e-05
192.60000000000002 2.8089999999999712e-05
192.70000000000002 2.749000000000024e-05
192.8 2.690999999999978e-05
192.9 2.6329999999999756e-05
193.0 2.5770000000000046e-05
193.10000000000002 2.519000000000002e-05
193.20000000000002 2.463000000000031e-05
193.3 2.4079999999999675e-05
193.4 2.3519999999999965e-05
193.5 2.2979999999999702e-05
193.60000000000002 2.2429999999999933e-05
193.70000000000002 2.1899999999999828e-05
193.8 2.136e-05
193.9 2.083000000000011e-05
194.0 2.0309999999999946e-05
194.10000000000002 1.979e-05
194.20000000000002 1.927999999999999e-05
194.3 1.8779999999999925e-05
194.4 1.8280000000000076e-05
194.5 1.7769999999999852e-05
194.60000000000002 1.7289999999999884e-05
194.70000000000002 1.6799999999999975e-05
194.8 1.6320000000000006e-05
194.9 1.584999999999998e-05
195.0 1.537999999999995e-05
195.10000000000002 1.4990000000000099e-05
195.20000000000002 1.460000000000003e-05
195.3 1.420999999999996e-05
195.4 1.3829999999999832e-05
195.5 1.343999999999998e-05
195.60000000000002 1.3070000000000009e-05
195.70000000000002 1.268999999999988e-05
195.8 1.2320000000000126e-05
195.9 1.1949999999999938e-05
196.0 1.1570000000000026e-05
196.10000000000002 1.1209999999999996e-05
196.20000000000002 1.0840000000000025e-05
196.3 1.0479999999999995e-05
196.4 1.0110000000000023e-05
196.5 9.749999999999993e-06
196.60000000000002 9.40000000000012e-06
196.70000000000002 9.045999999999967e-06
196.8 8.695000000000079e-06
196.9 8.34700000000002e-06
197.0 8.002000000000009e-06
197.10000000000002 7.658000000000014e-06
197.20000000000002 7.315000000000034e-06
197.3 6.977000000000025e-06
197.4 6.641999999999954e-06
197.5 6.31500000000001e-06
197.60000000000002 6.0410000000000325e-06
197.70000000000002 5.771999999999917e-06
197.8 5.505999999999957e-06
197.9 5.2449999999999676e-06
198.0 4.9819999999999465e-06
198.10000000000002 4.720999999999957e-06
198.20000000000002 4.4659999999999535e-06
198.3 4.209000000000027e-06
198.4 3.958000000000032e-06
198.5 3.7060000000000218e-06
198.60000000000002 3.4559999999999886e-06
198.70000000000002 3.211000000000034e-06
198.8 2.9650000000000097e-06
198.9 2.7219999999999783e-06
199.0 2.481999999999994e-06
199.10000000000002 2.2429999999999716e-06
199.20000000000002 2.006999999999996e-06
199.3 1.772999999999998e-06
199.4 1.5409999999999773e-06
199.5 1.3099999999999993e-06
199.60000000000002 1.0819999999999873e-06
199.70000000000002 8.569999999999954e-07
199.8 5.506000000000011e-07
199.9 4.777999999999974e-07
200.0 4.670000000000008e-07
200.10000000000002 4.6029999999999964e-07
200.20000000000002 4.536999999999987e-07
200.3 4.4729999999999824e-07
200.4 4.406999999999973e-07
200.5 4.343000000000036e-07
200.60000000000002 4.278000000000029e-07
200.70000000000002 4.2140000000000244e-07
200.8 4.151000000000022e-07
200.9 4.088000000000019e-07
201.0 4.027000000000021e-07
201.10000000000002 3.968000000000027e-07
201.20000000000002 3.911999999999972e-07
201.3 3.857999999999989e-07
201.4 3.8009999999999997e-07
201.5 3.7450000000000124e-07
201.60000000000002 3.6850000000000164e-07
201.70000000000002 3.625999999999955e-07
201.8 3.5689999999999653e-07
201.9 3.509000000000037e-07
202.0 3.45199999999998e-07
202.10000000000002 3.4050000000000123e-07
202.20000000000002 3.358000000000045e-07
202.3 3.313000000000014e-07
202.4 3.2649999999999764e-07
202.5 3.220000000000013e-07
202.60000000000002 3.1749999999999823e-07
202.70000000000002 3.133000000000026e-07
202.8 3.089999999999999e-07
202.9 3.0499999999999793e-07
203.0 3.0070000000000205e-07
203.10000000000002 2.9659999999999984e-07
203.20000000000002 2.926000000000046e-07
203.3 2.8849999999999563e-07
203.4 2.8470000000000085e-07
203.5 2.8059999999999863e-07
203.60000000000002 2.7719999999999796e-07
203.70000000000002 2.738999999999975e-07
203.8 2.7069999999999726e-07
203.9 2.6730000000000335e-07
204.0 2.638999999999959e-07
204.10000000000002 2.6059999999999544e-07
204.20000000000002 2.57299999999995e-07
204.3 2.5370000000000064e-07
204.4 2.5029999999999996e-07
204.5 2.468999999999993e-07
204.60000000000002 2.4430000000000035e-07
204.70000000000002 2.416000000000012e-07
204.8 2.391000000000025e-07
204.9 2.365000000000002e-07
205.0 2.3390000000000127e-07
205.10000000000002 2.3119999999999874e-07
205.20000000000002 2.286000000000032e-07
205.3 2.2600000000000089e-07
205.4 2.2329999999999835e-07
205.5 2.2070000000000282e-07
205.60000000000002 2.1880000000000204e-07
205.70000000000002 2.1700000000000148e-07
205.8 2.1509999999999731e-07
205.9 2.1319999999999992e-07
206.0 2.1129999999999915e-07
206.10000000000002 2.095999999999988e-07
206.20000000000002 2.0770000000000142e-07
206.3 2.0580000000000064e-07
206.4 2.0400000000000008e-07
206.5 2.020999999999993e-07
206.60000000000002 1.9940000000000016e-07
206.70000000000002 1.9650000000000058e-07
206.8 1.9380000000000143e-07
206.9 1.9090000000000185e-07
207.0 1.8819999999999932e-07
207.10000000000002 1.8679999999999963e-07
207.20000000000002 1.8569999999999722e-07
207.3 1.8450000000000137e-07
207.4 1.8339999999999896e-07
207.5 1.8229999999999993e-07
207.60000000000002 1.8180000000000222e-07
207.70000000000002 1.8130000000000113e-07
207.8 1.8090000000000025e-07
207.9 1.8049999999999937e-07
208.0 1.7979999999999784e-07
208.10000000000002 1.7729999999999913e-07
208.20000000000002 1.7449999999999977e-07
208.3 1.7180000000000063e-07
208.4 1.6899999999999787e-07
208.5 1.6649999999999917e-07
208.60000000000002 1.657000000000008e-07
208.70000000000002 1.6509999999999949e-07
208.8 1.6449999999999817e-07
208.9 1.6400000000000046e-07
209.0 1.6339999999999915e-07
209.10000000000002 1.6260000000000078e-07
209.20000000000002 1.616999999999988e-07
209.3 1.6080000000000022e-07
209.4 1.600999999999987e-07
209.5 1.592000000000001e-07
209.60000000000002 1.5829999999999813e-07
209.70000000000002 1.5749999999999976e-07
209.8 1.565999999999978e-07
209.9 1.556999999999992e-07
210.0 1.5500000000000106e-07
210.10000000000002 1.5490000000000084e-07
210.20000000000002 1.5489999999999745e-07
210.3 1.5500000000000106e-07
210.4 1.5510000000000128e-07
210.5 1.5500000000000106e-07
210.60000000000002 1.54699999999997e-07
210.70000000000002 1.543000000000029e-07
210.8 1.5390000000000203e-07
210.9 1.53599999999998e-07
211.0 1.531999999999971e-07
211.10000000000002 1.5300000000000006e-07
211.20000000000002 1.526999999999994e-07
211.3 1.5259999999999918e-07
211.4 1.5240000000000213e-07
211.5 1.5209999999999809e-07
211.60000000000002 1.5100000000000245e-07
211.70000000000002 1.4979999999999982e-07
211.8 1.4860000000000058e-07
211.9 1.4740000000000133e-07
212.0 1.4649999999999936e-07
212.10000000000002 1.4700000000000046e-07
212.20000000000002 1.476999999999986e-07
212.3 1.4860000000000058e-07
212.4 1.493000000000021e-07
212.5 1.5000000000000026e-07
212.60000000000002 1.4950000000000255e-07
212.70000000000002 1.4889999999999785e-07
212.8 1.4850000000000036e-07
212.9 1.4799999999999926e-07
213.0 1.4740000000000133e-07
213.10000000000002 1.4710000000000068e-07
213.20000000000002 1.4700000000000046e-07
213.3 1.4680000000000002e-07
213.4 1.4659999999999958e-07
213.5 1.4649999999999936e-07
213.60000000000002 1.4700000000000046e-07
213.70000000000002 1.4759999999999838e-07
213.8 1.481999999999997e-07
213.9 1.4890000000000123e-07
214.0 1.4949999999999916e-07
214.10000000000002 1.5030000000000092e-07
214.20000000000002 1.5110000000000267e-07
214.3 1.5199999999999787e-07
214.4 1.5279999999999962e-07
214.5 1.5360000000000138e-07
214.60000000000002 1.5379999999999843e-07
214.70000000000002 1.5399999999999886e-07
214.8 1.541999999999993e-07
214.9 1.5429999999999952e-07
215.0 1.5449999999999996e-07
215.10000000000002 1.5510000000000128e-07
215.20000000000002 1.5559999999999898e-07
215.3 1.5610000000000008e-07
215.4 1.567000000000014e-07
215.5 1.5729999999999932e-07
215.60000000000002 1.5810000000000108e-07
215.70000000000002 1.5899999999999966e-07
215.8 1.5990000000000164e-07
215.9 1.6080000000000022e-07
216.0 1.615999999999986e-07
216.10000000000002 1.617000000000022e-07
216.20000000000002 1.6179999999999903e-07
216.3 1.6179999999999903e-07
216.4 1.6190000000000263e-07
216.5 1.6189999999999925e-07
216.60000000000002 1.6199999999999947e-07
216.70000000000002 1.6199999999999947e-07
216.8 1.6209999999999968e-07
216.9 1.6209999999999968e-07
217.0 1.621999999999999e-07
217.10000000000002 1.621999999999999e-07
217.20000000000002 1.621999999999999e-07
217.3 1.622000000000033e-07
217.4 1.621999999999999e-07
217.5 1.6230000000000012e-07
217.60000000000002 1.621999999999999e-07
217.70000000000002 1.6230000000000012e-07
217.8 1.6230000000000012e-07
217.9 1.6230000000000012e-07
218.0 1.6240000000000034e-07
218.10000000000002 1.6230000000000012e-07
218.20000000000002 1.6240000000000034e-07
218.3 1.6240000000000034e-07
218.4 1.6240000000000034e-07
218.5 1.6240000000000034e-07
218.60000000000002 1.6240000000000034e-07
218.70000000000002 1.6240000000000034e-07
218.8 1.6240000000000034e-07
218.9 1.6230000000000012e-07
219.0 1.6240000000000034e-07
219.10000000000002 1.6230000000000012e-07
219.20000000000002 1.6240000000000034e-07
219.3 1.6239999999999695e-07
219.4 1.6240000000000034e-07
219.5 1.6230000000000012e-07
219.60000000000002 1.6230000000000012e-07
219.70000000000002 1.6230000000000012e-07
219.8 1.621999999999999e-07
219.9 1.621999999999999e-07
220.0 1.621999999999999e-07
220.10000000000002 1.621999999999999e-07
220.20000000000002 1.6209999999999968e-07
220.3 1.6209999999999968e-07
220.4 1.6209999999999968e-07
220.5 1.6210000000000307e-07
220.60000000000002 1.6199999999999947e-07
220.70000000000002 1.6189999999999925e-07
220.8 1.6189999999999925e-07
220.9 1.6189999999999925e-07
221.0 1.6189999999999925e-07
221.10000000000002 1.617000000000022e-07
221.20000000000002 1.616999999999988e-07
221.3 1.616999999999988e-07
221.4 1.6160000000000198e-07
221.5 1.615999999999986e-07
221.60000000000002 1.6150000000000176e-07
221.70000000000002 1.6139999999999815e-07
221.8 1.6130000000000132e-07
221.9 1.6129999999999793e-07
222.0 1.6130000000000132e-07
222.10000000000002 1.612000000000011e-07
222.20000000000002 1.6110000000000088e-07
222.3 1.6100000000000066e-07
222.4 1.6100000000000066e-07
222.5 1.6090000000000044e-07
222.60000000000002 1.6080000000000022e-07
222.70000000000002 1.6080000000000022e-07
222.8 1.6059999999999978e-07
222.9 1.6060000000000317e-07
223.0 1.6050000000000295e-07
223.10000000000002 1.6039999999999935e-07
223.20000000000002 1.6029999999999913e-07
223.3 1.601999999999989e-07
223.4 1.601999999999989e-07
223.5 1.6000000000000186e-07
223.60000000000002 1.6000000000000186e-07
223.70000000000002 1.5989999999999825e-07
223.8 1.5980000000000142e-07
223.9 1.597000000000012e-07
224.0 1.5950000000000076e-07
224.10000000000002 1.5950000000000076e-07
224.20000000000002 1.5940000000000054e-07
224.3 1.5930000000000032e-07
224.4 1.592000000000001e-07
224.5 1.5899999999999966e-07
224.60000000000002 1.5899999999999966e-07
224.70000000000002 1.5889999999999944e-07
224.8 1.5879999999999922e-07
224.9 1.587000000000024e-07
225.0 1.5849999999999857e-07
225.10000000000002 1.5840000000000174e-07
225.20000000000002 1.5830000000000152e-07
225.3 1.582000000000013e-07
225.4 1.5800000000000086e-07
225.5 1.5789999999999725e-07
225.60000000000002 1.5790000000000064e-07
225.70000000000002 1.5759999999999998e-07
225.8 1.5750000000000315e-07
225.9 1.5739999999999954e-07
226.0 1.5729999999999932e-07
226.10000000000002 1.571999999999991e-07
226.20000000000002 1.5699999999999867e-07
226.3 1.5689999999999845e-07
226.4 1.5680000000000162e-07
226.5 1.567000000000014e-07
226.60000000000002 1.5650000000000096e-07
226.70000000000002 1.5630000000000052e-07
226.8 1.562000000000003e-07
226.9 1.5610000000000008e-07
227.0 1.5589999999999964e-07
227.10000000000002 1.5579999999999942e-07
227.20000000000002 1.556999999999992e-07
227.3 1.5550000000000215e-07
227.4 1.5530000000000171e-07
227.5 1.552000000000015e-07
227.60000000000002 1.5500000000000106e-07
227.70000000000002 1.5490000000000084e-07
227.8 1.54699999999997e-07
227.9 1.5460000000000018e-07
228.0 1.5449999999999996e-07
228.10000000000002 1.5429999999999952e-07
228.20000000000002 1.5409999999999908e-07
228.3 1.5390000000000203e-07
228.4 1.5379999999999843e-07
228.5 1.5360000000000138e-07
228.60000000000002 1.5350000000000116e-07
228.70000000000002 1.5330000000000072e-07
228.8 1.5310000000000028e-07
228.9 1.5300000000000006e-07
229.0 1.5279999999999962e-07
229.10000000000002 1.5259999999999918e-07
229.20000000000002 1.5249999999999896e-07
229.3 1.5229999999999852e-07
229.4 1.5209999999999809e-07
229.5 1.5199999999999787e-07
229.60000000000002 1.5179999999999743e-07
229.70000000000002 1.516999999999972e-07
229.8 1.5150000000000016e-07
229.9 1.5129999999999972e-07
230.0 1.5109999999999928e-07
230.10000000000002 1.5090000000000223e-07
230.20000000000002 1.5079999999999862e-07
230.3 1.507000000000018e-07
230.4 1.5040000000000113e-07
230.5 1.502000000000007e-07
230.60000000000002 1.5010000000000048e-07
230.70000000000002 1.4979999999999982e-07
230.8 1.496999999999996e-07
230.9 1.4949999999999916e-07
231.0 1.493000000000021e-07
231.10000000000002 1.4910000000000167e-07
231.20000000000002 1.4900000000000145e-07
231.3 1.4880000000000101e-07
231.4 1.4850000000000036e-07
231.5 1.4840000000000014e-07
231.60000000000002 1.4809999999999948e-07
231.70000000000002 1.4799999999999926e-07
231.8 1.4779999999999882e-07
231.9 1.4759999999999838e-07
232.0 1.4739999999999794e-07
232.10000000000002 1.472000000000009e-07
232.20000000000002 1.4700000000000046e-07
232.3 1.4680000000000002e-07
232.4 1.4659999999999958e-07
232.5 1.4649999999999936e-07
232.60000000000002 1.463000000000023e-07
232.70000000000002 1.4609999999999848e-07
232.8 1.4590000000000143e-07
232.9 1.4559999999999739e-07
233.0 1.4540000000000034e-07
233.10000000000002 1.451999999999999e-07
233.20000000000002 1.4499999999999946e-07
233.3 1.4479999999999902e-07
233.4 1.4459999999999858e-07
233.5 1.4439999999999814e-07
233.60000000000002 1.442000000000011e-07
233.70000000000002 1.4400000000000065e-07
233.8 1.4380000000000022e-07
233.9 1.4360000000000317e-07
234.0 1.4339999999999934e-07
234.10000000000002 1.431999999999989e-07
234.20000000000002 1.4299999999999846e-07
234.3 1.428000000000014e-07
234.4 1.4260000000000097e-07
234.5 1.4230000000000031e-07
234.60000000000002 1.4209999999999988e-07
234.70000000000002 1.4190000000000283e-07
234.8 1.41699999999999e-07
234.9 1.4139999999999834e-07
235.0 1.4129999999999812e-07
235.10000000000002 1.4109999999999768e-07
235.20000000000002 1.4080000000000041e-07
235.3 1.4059999999999998e-07
235.4 1.4039999999999954e-07
235.5 1.4009999999999888e-07
235.60000000000002 1.3990000000000183e-07
235.70000000000002 1.39699999999998e-07
235.8 1.3950000000000095e-07
235.9 1.393000000000005e-07
236.0 1.3910000000000007e-07
236.10000000000002 1.3889999999999964e-07
236.20000000000002 1.3859999999999898e-07
236.3 1.3850000000000215e-07
236.4 1.381999999999981e-07
236.5 1.3799999999999766e-07
236.60000000000002 1.377000000000004e-07
236.70000000000002 1.3749999999999995e-07
236.8 1.3739999999999973e-07
236.9 1.3699999999999886e-07
237.0 1.368000000000018e-07
237.10000000000002 1.367000000000016e-07
237.20000000000002 1.3640000000000093e-07
237.3 1.362000000000005e-07
237.4 1.3600000000000005e-07
237.5 1.3579999999999961e-07
237.60000000000002 1.3559999999999918e-07
237.70000000000002 1.353000000000019e-07
237.8 1.3500000000000125e-07
237.9 1.348000000000008e-07
238.0 1.3460000000000037e-07
238.10000000000002 1.3439999999999993e-07
238.20000000000002 1.341999999999995e-07
238.3 0.0
238.4 0.0
238.5 0.0
238.60000000000002 0.0
238.70000000000002 0.0
238.8 0.0
238.9 0.0
239.0 0.0
239.10000000000002 0.0
239.20000000000002 0.0
239.3 0.0
239.4 0.0
239.5 0.0
239.60000000000002 0.0
239.70000000000002 0.0
239.8 0.0
239.9 0.0
240.0 0.0
240.10000000000002 0.0
240.20000000000002 0.0
240.3 0.0
240.4 0.0
240.5 0.0
240.60000000000002 0.0
240.70000000000002 0.0
240.8 0.0
240.9 0.0
241.0 0.0
241.10000000000002 0.0
241.20000000000002 0.0
241.3 0.0
241.4 0.0
241.5 0.0
241.60000000000002 0.0
241.70000000000002 0.0
241.8 0.0
241.9 0.0
242.0 0.0
242.10000000000002 0.0
242.20000000000002 0.0
242.3 0.0
242.4 0.0
242.5 0.0
242.60000000000002 0.0
242.70000000000002 0.0
242.8 0.0
242.9 0.0
243.0 0.0
243.10000000000002 0.0
243.20000000000002 0.0
243.3 0.0
243.4 0.0
243.5 0.0
243.60000000000002 0.0
243.70000000000002 0.0
243.8 0.0
243.9 0.0
244.0 0.0
244.10000000000002 0.0
244.20000000000002 0.0
244.3 0.0
244.4 0.0
244.5 0.0
244.60000000000002 0.0
244.70000000000002 0.0
244.8 0.0
244.9 0.0
245.0 0.0
245.10000000000002 0.0
245.20000000000002 0.0
245.3 0.0
245.4 0.0
245.5 0.0
245.60000000000002 0.0
245.70000000000002 0.0
245.8 0.0
245.9 0.0
246.0 0.0
246.10000000000002 0.0
246.20000000000002 0.0
246.3 0.0
246.4 0.0
246.5 0.0
246.60000000000002 0.0
246.70000000000002 0.0
246.8 0.0
246.9 0.0
247.0 0.0
247.10000000000002 0.0
247.20000000000002 0.0
247.3 0.0
247.4 0.0
247.5 0.0
247.60000000000002 0.0
247.70000000000002 0.0
247.8 0.0
247.9 0.0
248.0 0.0
248.10000000000002 0.0
248.20000000000002 0.0
248.3 0.0
248.4 0.0
248.5 0.0
248.60000000000002 0.0
248.70000000000002 0.0
248.8 0.0
248.9 0.0
249.0 0.0
249.10000000000002 0.0
249.20000000000002 0.0
249.3 0.0
249.4 0.0
249.5 0.0
249.60000000000002 0.0
249.70000000000002 0.0
249.8 0.0
249.9 0.0
250.0 0.0
250.10000000000002 0.0
250.20000000000002 0.0
250.3 0.0
250.4 0.0
250.5 0.0
250.60000000000002 0.0
250.70000000000002 0.0
250.8 0.0
250.9 0.0
251.0 0.0
251.10000000000002 0.0
251.20000000000002 0.0
251.3 0.0
251.4 0.0
251.5 0.0
251.60000000000002 0.0
251.70000000000002 0.0
251.8 0.0
251.9 0.0
252.0 0.0
252.10000000000002 0.0
252.20000000000002 0.0
252.3 0.0
252.4 0.0
252.5 0.0
252.60000000000002 0.0
252.70000000000002 0.0
252.8 0.0
252.9 0.0
253.0 0.0
253.10000000000002 0.0
253.20000000000002 0.0
253.3 0.0
253.4 0.0
253.5 0.0
253.60000000000002 0.0
253.70000000000002 0.0
253.8 0.0
253.9 0.0
254.0 0.0
254.10000000000002 0.0
254.20000000000002 0.0
254.3 0.0
254.4 0.0
254.5 0.0
254.60000000000002 0.0
254.70000000000002 0.0
254.8 0.0
254.9 0.0
255.0 0.0
255.10000000000002 0.0
255.20000000000002 0.0
255.3 0.0
255.4 0.0
255.5 0.0
255.60000000000002 0.0
255.70000000000002 0.0
255.8 0.0
255.9 0.0
256.0 0.0
256.1 0.0
256.2 0.0
256.3 0.0
256.40000000000003 0.0
256.5 0.0
256.6 0.0
256.7 0.0
256.8 0.0
256.90000000000003 0.0
257.0 0.0
257.1 0.0
257.2 0.0
257.3 0.0
257.40000000000003 0.0
257.5 0.0
257.6 0.0
257.7 0.0
257.8 0.0
257.90000000000003 0.0
258.0 0.0
258.1 0.0
258.2 0.0
258.3 0.0
258.40000000000003 0.0
258.5 0.0
258.6 0.0
258.7 0.0
258.8 0.0
258.90000000000003 0.0
259.0 0.0
259.1 0.0
259.2 0.0
259.3 0.0
259.40000000000003 0.0
259.5 0.0
259.6 0.0
259.7 0.0
259.8 0.0
259.90000000000003 0.0
260.0 0.0
260.1 0.0
260.2 0.0
260.3 0.0
260.40000000000003 0.0
260.5 0.0
260.6 0.0
260.7 0.0
260.8 0.0
260.90000000000003 0.0
261.0 0.0
261.1 0.0
261.2 0.0
261.3 0.0
261.40000000000003 0.0
261.5 0.0
261.6 0.0
261.7 0.0
261.8 0.0
261.90000000000003 0.0
262.0 0.0
262.1 0.0
262.2 0.0
262.3 0.0
262.40000000000003 0.0
262.5 0.0
262.6 0.0
262.7 0.0
262.8 0.0
262.90000000000003 0.0
263.0 0.0
263.1 0.0
263.2 0.0
263.3 0.0
263.40000000000003 0.0
263.5 0.0
263.6 0.0
263.7 0.0
263.8 0.0
263.90000000000003 0.0
264.0 0.0
264.1 0.0
264.2 0.0
264.3 0.0
264.40000000000003 0.0
264.5 0.0
264.6 0.0
264.7 0.0
264.8 0.0
264.90000000000003 0.0
265.0 0.0
265.1 0.0
265.2 0.0
265.3 0.0
265.40000000000003 0.0
265.5 0.0
265.6 0.0
265.7 0.0
265.8 0.0
265.90000000000003 0.0
266.0 0.0
266.1 0.0
266.2 0.0
266.3 0.0
266.40000000000003 0.0
266.5 0.0
266.6 0.0
266.7 0.0
266.8 0.0
266.90000000000003 0.0
267.0 0.0
267.1 0.0
267.2 0.0
267.3 0.0
267.40000000000003 0.0
267.5 0.0
267.6 0.0
267.7 0.0
267.8 0.0
267.90000000000003 0.0
268.0 0.0
268.1 0.0
268.2 0.0
268.3 0.0
268.40000000000003 0.0
268.5 0.0
268.6 0.0
268.7 0.0
268.8 0.0
268.90000000000003 0.0
269.0 0.0
269.1 0.0
269.2 0.0
269.3 0.0
269.40000000000003 0.0
269.5 0.0
269.6 0.0
269.7 0.0
269.8 0.0
269.90000000000003 0.0
270.0 0.0
270.1 0.0
270.2 0.0
270.3 0.0
270.40000000000003 0.0
270.5 0.0
270.6 0.0
270.7 0.0
270.8 0.0
270.90000000000003 0.0
271.0 0.0
271.1 0.0
271.2 0.0
271.3 0.0
271.40000000000003 0.0
271.5 0.0
271.6 0.0
271.7 0.0
271.8 0.0
271.90000000000003 0.0
272.0 0.0
272.1 0.0
272.2 0.0
272.3 0.0
272.40000000000003 0.0
272.5 0.0
272.6 0.0
272.7 0.0
272.8 0.0
272.90000000000003 0.0
273.0 0.0
273.1 0.0
273.2 0.0
273.3 0.0
273.40000000000003 0.0
273.5 0.0
273.6 0.0
273.7 0.0
273.8 0.0
273.90000000000003 0.0
274.0 0.0
274.1 0.0
274.2 0.0
274.3 0.0
274.40000000000003 0.0
274.5 0.0
274.6 0.0
274.7 0.0
274.8 0.0
274.90000000000003 0.0
275.0 0.0
275.1 0.0
275.2 0.0
275.3 0.0
275.40000000000003 0.0
275.5 0.0
275.6 0.0
275.7 0.0
275.8 0.0
275.90000000000003 0.0
276.0 0.0
276.1 0.0
276.2 0.0
276.3 0.0
276.40000000000003 0.0
276.5 0.0
276.6 0.0
276.7 0.0
276.8 0.0
276.90000000000003 0.0
277.0 0.0
277.1 0.0
277.2 0.0
277.3 0.0
277.40000000000003 0.0
277.5 0.0
277.6 0.0
277.7 0.0
277.8 0.0
277.90000000000003 0.0
278.0 0.0
278.1 0.0
278.2 0.0
278.3 0.0
278.40000000000003 0.0
278.5 0.0
278.6 0.0
278.7 0.0
278.8 0.0
278.90000000000003 0.0
279.0 0.0
279.1 0.0
279.2 0.0
279.3 0.0
279.40000000000003 0.0
279.5 0.0
279.6 0.0
279.7 0.0
279.8 0.0
279.90000000000003 0.0
280.0 0.0
280.1 0.0
280.2 0.0
280.3 0.0
280.40000000000003 0.0
280.5 0.0
280.6 0.0
280.7 0.0
280.8 0.0
280.90000000000003 0.0
281.0 0.0
281.1 0.0
281.2 0.0
281.3 0.0
281.40000000000003 0.0
281.5 0.0
281.6 0.0
281.7 0.0
281.8 0.0
281.90000000000003 0.0
282.0 0.0
282.1 0.0
282.2 0.0
282.3 0.0
282.40000000000003 0.0
282.5 0.0
282.6 0.0
282.7 0.0
282.8 0.0
282.90000000000003 0.0
283.0 0.0
283.1 0.0
283.2 0.0
283.3 0.0
283.40000000000003 0.0
283.5 0.0
283.6 0.0
283.7 0.0
283.8 0.0
283.90000000000003 0.0
284.0 0.0
284.1 0.0
284.2 0.0
284.3 0.0
284.40000000000003 0.0
284.5 0.0
284.6 0.0
284.7 0.0
284.8 0.0
284.90000000000003 0.0
285.0 0.0
285.1 0.0
285.2 0.0
285.3 0.0
285.40000000000003 0.0
285.5 0.0
285.6 0.0
285.7 0.0
285.8 0.0
285.90000000000003 0.0
286.0 0.0
286.1 0.0
286.2 0.0
286.3 0.0
286.40000000000003 0.0
286.5 0.0
286.6 0.0
286.7 0.0
286.8 0.0
286.90000000000003 0.0
287.0 0.0
287.1 0.0
287.2 0.0
287.3 0.0
287.40000000000003 0.0
287.5 0.0
287.6 0.0
287.7 0.0
287.8 0.0
287.90000000000003 0.0
288.0 0.0
288.1 0.0
288.2 0.0
288.3 0.0
288.40000000000003 0.0
288.5 0.0
288.6 0.0
288.7 0.0
288.8 0.0
288.90000000000003 0.0
289.0 0.0
289.1 0.0
289.2 0.0
289.3 0.0
289.40000000000003 0.0
289.5 0.0
289.6 0.0
289.7 0.0
289.8 0.0
289.90000000000003 0.0
290.0 0.0
290.1 0.0
290.2 0.0
290.3 0.0
290.40000000000003 0.0
290.5 0.0
290.6 0.0
290.7 0.0
290.8 0.0
290.90000000000003 0.0
291.0 0.0
291.1 0.0
291.2 0.0
291.3 0.0
291.40000000000003 0.0
291.5 0.0
291.6 0.0
291.7 0.0
291.8 0.0
291.90000000000003 0.0
292.0 0.0
292.1 0.0
292.2 0.0
292.3 0.0
292.40000000000003 0.0
292.5 0.0
292.6 0.0
292.7 0.0
292.8 0.0
292.90000000000003 0.0
293.0 0.0
293.1 0.0
293.2 0.0
293.3 0.0
293.40000000000003 0.0
293.5 0.0
293.6 0.0
293.7 0.0
293.8 0.0
293.90000000000003 0.0
294.0 0.0
294.1 0.0
294.2 0.0
294.3 0.0
294.40000000000003 0.0
294.5 0.0
294.6 0.0
294.7 0.0
294.8 0.0
294.90000000000003 0.0
295.0 0.0
295.1 0.0
295.2 0.0
295.3 0.0
295.40000000000003 0.0
295.5 0.0
295.6 0.0
295.7 0.0
295.8 0.0
295.90000000000003 0.0
296.0 0.0
296.1 0.0
296.2 0.0
296.3 0.0
296.40000000000003 0.0
296.5 0.0
296.6 0.0
296.7 0.0
296.8 0.0
296.90000000000003 0.0
297.0 0.0
297.1 0.0
297.2 0.0
297.3 0.0
297.40000000000003 0.0
297.5 0.0
297.6 0.0
297.7 0.0
297.8 0.0
297.90000000000003 0.0
298.0 0.0
298.1 0.0
298.2 0.0
298.3 0.0
298.40000000000003 0.0
298.5 0.0
298.6 0.0
298.7 0.0
298.8 0.0
298.90000000000003 0.0
299.0 0.0
299.1 0.0
299.2 0.0
299.3 0.0
299.40000000000003 0.0
299.5 0.0
299.6 0.0
299.7 0.0
299.8 0.0
299.90000000000003 0.0
300.0 0.0
300.1 0.0
300.2 0.0
300.3 0.0
300.40000000000003 0.0
300.5 0.0
300.6 0.0
300.7 0.0
300.8 0.0
300.90000000000003 0.0
301.0 0.0
301.1 0.0
301.2 0.0
301.3 0.0
301.40000000000003 0.0
301.5 0.0
301.6 0.0
301.7 0.0
301.8 0.0
301.90000000000003 0.0
302.0 0.0
302.1 0.0
302.2 0.0
302.3 0.0
302.40000000000003 0.0
302.5 0.0
302.6 0.0
302.7 0.0
302.8 0.0
302.90000000000003 0.0
303.0 0.0
303.1 0.0
303.2 0.0
303.3 0.0
303.40000000000003 0.0
303.5 0.0
303.6 0.0
303.7 0.0
303.8 0.0
303.90000000000003 0.0
304.0 0.0
304.1 0.0
304.2 0.0
304.3 0.0
304.40000000000003 0.0
304.5 0.0
304.6 0.0
304.7 0.0
304.8 0.0
304.90000000000003 0.0
305.0 0.0
305.1 0.0
305.2 0.0
305.3 0.0
305.40000000000003 0.0
305.5 0.0
305.6 0.0
305.7 0.0
305.8 0.0
305.90000000000003 0.0
306.0 0.0
306.1 0.0
306.2 0.0
306.3 0.0
306.40000000000003 0.0
306.5 0.0
306.6 0.0
306.7 0.0
306.8 0.0
306.90000000000003 0.0
307.0 0.0
307.1 0.0
307.20000000000005 0.0
307.3 0.0
307.40000000000003 0.0
307.5 0.0
307.6 0.0
307.70000000000005 0.0
307.8 0.0
307.90000000000003 0.0
308.0 0.0
308.1 0.0
308.20000000000005 0.0
308.3 0.0
308.40000000000003 0.0
308.5 0.0
308.6 0.0
308.70000000000005 0.0
308.8 0.0
308.90000000000003 0.0
309.0 0.0
309.1 0.0
309.20000000000005 0.0
309.3 0.0
309.40000000000003 0.0
309.5 0.0
309.6 0.0
309.70000000000005 0.0
309.8 0.0
309.90000000000003 0.0
310.0 0.0
310.1 0.0
310.20000000000005 0.0
310.3 0.0
310.40000000000003 0.0
310.5 0.0
310.6 0.0
310.70000000000005 0.0
310.8 0.0
310.90000000000003 0.0
311.0 0.0
311.1 0.0
311.20000000000005 0.0
311.3 0.0
311.40000000000003 0.0
311.5 0.0
311.6 0.0
311.70000000000005 0.0
311.8 0.0
311.90000000000003 0.0
312.0 0.0
312.1 0.0
312.20000000000005 0.0
312.3 0.0
312.40000000000003 0.0
312.5 0.0
312.6 0.0
312.70000000000005 0.0
312.8 0.0
312.90000000000003 0.0
313.0 0.0
313.1 0.0
313.20000000000005 0.0
313.3 0.0
313.40000000000003 0.0
313.5 0.0
313.6 0.0
313.70000000000005 0.0
313.8 0.0
313.90000000000003 0.0
314.0 0.0
314.1 0.0
314.20000000000005 0.0
314.3 0.0
314.40000000000003 0.0
314.5 0.0
314.6 0.0
314.70000000000005 0.0
314.8 0.0
314.90000000000003 0.0
315.0 0.0
315.1 0.0
315.20000000000005 0.0
315.3 0.0
315.40000000000003 0.0
315.5 0.0
315.6 0.0
315.70000000000005 0.0
315.8 0.0
315.90000000000003 0.0
316.0 0.0
316.1 0.0
316.20000000000005 0.0
316.3 0.0
316.40000000000003 0.0
316.5 0.0
316.6 0.0
316.70000000000005 0.0
316.8 0.0
316.90000000000003 0.0
317.0 0.0
317.1 0.0
317.20000000000005 0.0
317.3 0.0
317.40000000000003 0.0
317.5 0.0
317.6 0.0
317.70000000000005 0.0
317.8 0.0
317.90000000000003 0.0
318.0 0.0
318.1 0.0
318.20000000000005 0.0
318.3 0.0
318.40000000000003 0.0
318.5 0.0
318.6 0.0
318.70000000000005 0.0
318.8 0.0
318.90000000000003 0.0
319.0 0.0
319.1 0.0
319.20000000000005 0.0
319.3 0.0
319.40000000000003 0.0
319.5 0.0
319.6 0.0
319.70000000000005 0.0
319.8 0.0
319.90000000000003 0.0
320.0 0.0
320.1 0.0
320.20000000000005 0.0
320.3 0.0
320.40000000000003 0.0
320.5 0.0
320.6 0.0
320.70000000000005 0.0
320.8 0.0
320.90000000000003 0.0
321.0 0.0
321.1 0.0
321.20000000000005 0.0
321.3 0.0
321.40000000000003 0.0
321.5 0.0
321.6 0.0
321.70000000000005 0.0
321.8 0.0
321.90000000000003 0.0
322.0 0.0
322.1 0.0
322.20000000000005 0.0
322.3 0.0
322.40000000000003 0.0
322.5 0.0
322.6 0.0
322.70000000000005 0.0
322.8 0.0
322.90000000000003 0.0
323.0 0.0
323.1 0.0
323.20000000000005 0.0
323.3 0.0
323.40000000000003 0.0
323.5 0.0
323.6 0.0
323.70000000000005 0.0
323.8 0.0
323.90000000000003 0.0
324.0 0.0
324.1 0.0
324.20000000000005 0.0
324.3 0.0
324.40000000000003 0.0
324.5 0.0
324.6 0.0
324.70000000000005 0.0
324.8 0.0
324.90000000000003 0.0
325.0 0.0
325.1 0.0
325.20000000000005 0.0
325.3 0.0
325.40000000000003 0.0
325.5 0.0
325.6 0.0
325.70000000000005 0.0
325.8 0.0
325.90000000000003 0.0
326.0 0.0
326.1 0.0
326.20000000000005 0.0
326.3 0.0
326.40000000000003 0.0
326.5 0.0
326.6 0.0
326.70000000000005 0.0
326.8 0.0
326.90000000000003 0.0
327.0 0.0
327.1 0.0
327.20000000000005 0.0
327.3 0.0
327.40000000000003 0.0
327.5 0.0
327.6 0.0
327.70000000000005 0.0
327.8 0.0
327.90000000000003 0.0
328.0 0.0
328.1 0.0
328.20000000000005 0.0
328.3 0.0
328.40000000000003 0.0
328.5 0.0
328.6 0.0
328.70000000000005 0.0
328.8 0.0
328.90000000000003 0.0
329.0 0.0
329.1 0.0
329.20000000000005 0.0
329.3 0.0
329.40000000000003 0.0
329.5 0.0
329.6 0.0
329.70000000000005 0.0
329.8 0.0
329.90000000000003 0.0
330.0 0.0
330.1 0.0
330.20000000000005 0.0
330.3 0.0
330.40000000000003 0.0
330.5 0.0
330.6 0.0
330.70000000000005 0.0
330.8 0.0
330.90000000000003 0.0
331.0 0.0
331.1 0.0
331.20000000000005 0.0
331.3 0.0
331.40000000000003 0.0
331.5 0.0
331.6 0.0
331.70000000000005 0.0
331.8 0.0
331.90000000000003 0.0
332.0 0.0
332.1 0.0
332.20000000000005 0.0
332.3 0.0
332.40000000000003 0.0
332.5 0.0
332.6 0.0
332.70000000000005 0.0
332.8 0.0
332.90000000000003 0.0
333.0 0.0
333.1 0.0
333.20000000000005 0.0
333.3 0.0
333.40000000000003 0.0
333.5 0.0
333.6 0.0
333.70000000000005 0.0
333.8 0.0
333.90000000000003 0.0
334.0 0.0
334.1 0.0
334.20000000000005 0.0
334.3 0.0
334.40000000000003 0.0
334.5 0.0
334.6 0.0
334.70000000000005 0.0
334.8 0.0
334.90000000000003 0.0
335.0 0.0
335.1 0.0
335.20000000000005 0.0
335.3 0.0
335.40000000000003 0.0
335.5 0.0
335.6 0.0
335.70000000000005 0.0
335.8 0.0
335.90000000000003 0.0
336.0 0.0
336.1 0.0
336.20000000000005 0.0
336.3 0.0
336.40000000000003 0.0
336.5 0.0
336.6 0.0
336.70000000000005 0.0
336.8 0.0
336.90000000000003 0.0
337.0 0.0
337.1 0.0
337.20000000000005 0.0
337.3 0.0
337.40000000000003 0.0
337.5 0.0
337.6 0.0
337.70000000000005 0.0
337.8 0.0
337.90000000000003 0.0
338.0 0.0
338.1 0.0
338.20000000000005 0.0
338.3 0.0
338.40000000000003 0.0
338.5 0.0
338.6 0.0
338.70000000000005 0.0
338.8 0.0
338.90000000000003 0.0
339.0 0.0
339.1 0.0
339.20000000000005 0.0
339.3 0.0
339.40000000000003 0.0
339.5 0.0
339.6 0.0
339.70000000000005 0.0
339.8 0.0
339.90000000000003 0.0
340.0 0.0
340.1 0.0
340.20000000000005 0.0
340.3 0.0
