wavelength transmit
115.0 0.0
116.0 0.0
116.2 0.0
116.30000000000001 0.0
116.4 0.0
116.5 0.0
116.60000000000001 0.0
116.7 0.0
116.80000000000001 0.0
116.9 0.0
117.0 0.0
117.10000000000001 0.0
117.2 0.0
117.30000000000001 0.0
117.4 0.0
117.5 0.0
117.60000000000001 0.0
117.7 0.0
117.80000000000001 0.0
117.9 0.0
118.0 0.0
118.10000000000001 0.0
118.2 0.0
118.30000000000001 0.0
118.4 0.0
118.5 0.0
118.60000000000001 0.0
118.7 0.0
118.80000000000001 0.0
118.9 0.0
119.0 0.0
119.10000000000001 0.0
119.2 0.0
119.30000000000001 0.0
119.4 0.0
119.5 0.0
119.60000000000001 0.0
119.7 0.0
119.80000000000001 0.0
119.9 0.0
120.0 0.0
120.10000000000001 0.0
120.2 0.0
120.30000000000001 0.0
120.4 0.0
120.5 0.0
120.60000000000001 0.0
120.7 0.0
120.80000000000001 0.0
120.9 0.0
121.0 0.0
121.10000000000001 0.0
121.2 0.0
121.30000000000001 0.0
121.4 0.0
121.5 0.0
121.60000000000001 0.0
121.7 0.0
121.80000000000001 0.0
121.9 0.0
122.0 0.0
122.10000000000001 0.0
122.2 0.0
122.30000000000001 0.0
122.4 0.0
122.5 0.0
122.60000000000001 0.0
122.7 0.0
122.80000000000001 0.0
122.9 0.0
123.0 0.000110646
123.10000000000001 0.000117906
123.2 0.00012512
123.30000000000001 0.000132397
123.4 0.000139683
123.5 0.000146915
123.60000000000001 0.000154219
123.7 0.000161461
123.80000000000001 0.000168781
123.9 0.000176112
124.0 0.000183371
124.10000000000001 0.000190611
124.2 0.000197766
124.30000000000001 0.000205007
124.4 0.00021225
124.5 0.000219398
124.60000000000001 0.000226641
124.7 0.000233887
124.80000000000001 0.000241027
124.9 0.000248273
125.0 0.000255407
125.10000000000001 0.000262413
125.2 0.000269409
125.30000000000001 0.00027627
125.4 0.000283239
125.5 0.000290068
125.60000000000001 0.000297012
125.7 0.000303945
125.80000000000001 0.000310728
125.9 0.000317635
126.0 0.000324385
126.10000000000001 0.000331141
126.2 0.000337882
126.30000000000001 0.000344451
126.4 0.000351155
126.5 0.000357683
126.60000000000001 0.000364352
126.7 0.000371004
126.80000000000001 0.00037747
126.9 0.000384088
127.0 0.000390512
127.10000000000001 0.000396985
127.2 0.000403438
127.30000000000001 0.000409685
127.4 0.000416096
127.5 0.000422295
127.60000000000001 0.000428469
127.7 0.000434616
127.80000000000001 0.000440738
127.9 0.000446835
128.0 0.000452905
128.1 0.000458661
128.20000000000002 0.000464598
128.3 0.000470507
128.4 0.000476388
128.5 0.000482242
128.6 0.000487843
128.70000000000002 0.000493639
128.8 0.000499409
128.9 0.000505151
129.0 0.000510866
129.1 0.000516267
129.20000000000002 0.000521877
129.3 0.00052746
129.4 0.000533015
129.5 0.000538541
129.6 0.000544041
129.70000000000002 0.000549253
129.8 0.000554694
129.9 0.000560107
130.0 0.000565493
130.1 0.000570564
130.20000000000002 0.000575601
130.3 0.000580605
130.4 0.000585854
130.5 0.000590794
130.6 0.0005957
130.70000000000002 0.000600574
130.8 0.000605414
130.9 0.000610514
131.0 0.000615291
131.1 0.000620049
131.20000000000002 0.000624774
131.3 0.000629467
131.4 0.000634435
131.5 0.000639065
131.6 0.000643663
131.70000000000002 0.000648229
131.8 0.000652763
131.9 0.000657586
132.0 0.000662058
132.1 0.000666515
132.20000000000002 0.000670941
132.3 0.000675335
132.4 0.000680033
132.5 0.000684367
132.6 0.000688327
132.70000000000002 0.000692595
132.8 0.000696832
132.9 0.000701038
133.0 0.000704859
133.1 0.000709007
133.20000000000002 0.000713124
133.3 0.000717211
133.4 0.000721266
133.5 0.000724924
133.6 0.000728915
133.70000000000002 0.000732876
133.8 0.000736806
133.9 0.000740327
134.0 0.000744194
134.1 0.000881041
134.20000000000002 0.00101711
134.3 0.00115182
134.4 0.00128627
134.5 0.00141996
134.6 0.00155288
134.70000000000002 0.00168415
134.8 0.00181547
134.9 0.00194602
135.0 0.00207581
135.1 0.00418849
135.20000000000002 0.0062902
135.3 0.00837548
135.4 0.0104521
135.5 0.01251
135.6 0.0145616
135.70000000000002 0.0165924
135.8 0.0186091
135.9 0.0206228
136.0 0.0226125
136.1 0.025062
136.20000000000002 0.0274822
136.3 0.0299015
136.4 0.0322889
136.5 0.034678
136.6 0.0370327
136.70000000000002 0.0393918
136.8 0.0417139
136.9 0.0440432
137.0 0.0463328
137.1 0.0472758
137.20000000000002 0.048186
137.3 0.049116
137.4 0.0500122
137.5 0.0509294
137.6 0.0518116
137.70000000000002 0.0526865
137.8 0.0535842
137.9 0.0544452
138.0 0.0552991
138.1 0.0554699
138.20000000000002 0.0556075
138.3 0.055743
138.4 0.0559081
138.5 0.0560395
138.6 0.0562009
138.70000000000002 0.0563282
138.8 0.0564534
138.9 0.0566092
139.0 0.0567303
139.1 0.0566801
139.20000000000002 0.0566619
139.3 0.05661
139.4 0.0565572
139.5 0.0565367
139.6 0.0564823
139.70000000000002 0.0564271
139.8 0.0564043
139.9 0.0563474
140.0 0.0562898
140.1 0.0561877
140.20000000000002 0.056052
140.3 0.0559494
140.4 0.0557989
140.5 0.0556481
140.6 0.0555307
140.70000000000002 0.0553796
140.8 0.0552284
140.9 0.0551104
141.0 0.0549588
141.1 0.0548058
141.20000000000002 0.0546863
141.3 0.054533
141.4 0.0543796
141.5 0.0542596
141.6 0.0541058
141.70000000000002 0.0539518
141.8 0.0538313
141.9 0.053677
142.0 0.0535562
142.1 0.0534002
142.20000000000002 0.0532441
142.3 0.0531214
142.4 0.052965
142.5 0.0528084
142.6 0.0526853
142.70000000000002 0.0525284
142.8 0.0523713
142.9 0.0522478
143.0 0.0520904
143.1 0.0519046
143.20000000000002 0.0516854
143.3 0.0514666
143.4 0.0512818
143.5 0.0510637
143.6 0.0508796
143.70000000000002 0.0506622
143.8 0.0504453
143.9 0.0502621
144.0 0.0500459
144.1 0.0498616
144.20000000000002 0.0496443
144.3 0.0494606
144.4 0.049244
144.5 0.0490279
144.6 0.0488452
144.70000000000002 0.0486298
144.8 0.0484479
144.9 0.0482332
145.0 0.0480189
145.1 0.0478852
145.20000000000002 0.0477185
145.3 0.0475847
145.4 0.0474179
145.5 0.047284
145.6 0.047117
145.70000000000002 0.0469831
145.8 0.046816
145.9 0.0466819
146.0 0.0465148
146.1 0.0463784
146.20000000000002 0.0462089
146.3 0.0460725
146.4 0.045903
146.5 0.0457334
146.6 0.0455969
146.70000000000002 0.0454272
146.8 0.0452906
146.9 0.0451209
147.0 0.0449842
147.1 0.0448121
147.20000000000002 0.0446729
147.3 0.0445007
147.4 0.0443615
147.5 0.0441893
147.6 0.0440501
147.70000000000002 0.0438779
147.8 0.0437386
147.9 0.0435664
148.0 0.0434271
148.1 0.0432851
148.20000000000002 0.0431103
148.3 0.0429684
148.4 0.0427935
148.5 0.0426516
148.6 0.0424768
148.70000000000002 0.0423349
148.8 0.0421601
148.9 0.0420182
149.0 0.0418763
149.1 0.0416987
149.20000000000002 0.041554
149.3 0.0413765
149.4 0.0412318
149.5 0.0410543
149.6 0.0409097
149.70000000000002 0.0407324
149.8 0.0405878
149.9 0.0404433
150.0 0.04014294
150.1 0.03996889
150.20000000000002 0.039762434
150.3 0.039588974
150.4 0.039415809
150.5 0.039210437
150.6 0.039037862
150.70000000000002 0.038865682000000006
150.8 0.038661294
150.9 0.038489704
151.0 0.038286105
151.1 0.038113112
151.20000000000002 0.037940413
151.3 0.037735804000000005
151.4 0.037563695
151.5 0.037391982000000004
151.6 0.037188456999999994
151.70000000000002 0.037017434
151.8 0.036814598
151.9 0.036644265
152.0 0.036474126999999995
152.1 0.036271079
152.20000000000002 0.036100234999999994
152.3 0.035929687
152.4 0.035727723
152.5 0.035557865200000004
152.6 0.0353884023
152.70000000000002 0.035187523
152.8 0.0350186504
152.9 0.0348501732
153.0 0.0346504784
153.1 0.0344817938
153.20000000000002 0.034313504599999996
153.3 0.0341455109
153.4 0.0339463978
153.5 0.033779094499999995
153.60000000000002 0.033612186599999996
153.70000000000002 0.0334142582
153.8 0.0332479408
153.9 0.033082019
154.0 0.0329163926
154.10000000000002 0.0327197448
154.20000000000002 0.0325546097
154.3 0.0323897701
154.4 0.0321942073
154.5 0.032030058400000005
154.60000000000002 0.0318663052
154.70000000000002 0.0317027476
154.8 0.031508765099999995
154.9 0.0313459983
155.0 0.0311835272
155.10000000000002 0.0310143509
155.20000000000002 0.0308149481
155.3 0.030646562800000002
155.4 0.0304786732
155.5 0.0303050947
155.60000000000002 0.0301319117
155.70000000000002 0.0299591244
155.8 0.0297868327
155.9 0.029617929100000003
156.0 0.0294464287
156.10000000000002 0.029276121999999998
156.20000000000002 0.029106311
156.3 0.0289368957
156.4 0.028767876100000003
156.5 0.0286022451
156.60000000000002 0.0284340171
156.70000000000002 0.0282662849
156.8 0.028098848500000002
156.9 0.027931908000000002
157.0 0.027765263300000002
157.10000000000002 0.0276034043
157.20000000000002 0.0274389483
157.3 0.0272748882
157.4 0.027111124099999998
157.5 0.0269478559
157.60000000000002 0.026790869999999998
157.70000000000002 0.026631287
157.8 0.026472100199999998
157.9 0.026316202599999998
158.0 0.026157807999999998
158.10000000000002 0.0260042989
158.20000000000002 0.0258482928
158.3 0.0256926829
158.4 0.0255402626
158.5 0.0253853452
158.60000000000002 0.025230824000000002
158.70000000000002 0.025079492600000003
158.8 0.024925564
158.9 0.0247750253
159.0 0.024621889299999998
159.10000000000002 0.0244538884
159.20000000000002 0.0242892914
159.3 0.024122416
159.4 0.023958939000000002
159.5 0.023793086
159.60000000000002 0.023627843
159.70000000000002 0.023465991
159.8 0.023301765999999998
159.9 0.023141026000000002
160.0 0.022977916
160.10000000000002 0.02278961
160.20000000000002 0.022602295
160.3 0.022415771
160.4 0.022230233999999998
160.5 0.022045582
160.60000000000002 0.021861713
160.70000000000002 0.021676093
160.8 0.021494091
160.9 0.021313843
161.0 0.021134467
161.10000000000002 0.020877723
161.20000000000002 0.020622854
161.3 0.020369850000000002
161.4 0.02011862
161.5 0.01986925
161.60000000000002 0.01962173
161.70000000000002 0.01937606
161.8 0.01913214
161.9 0.018887479999999998
162.0 0.01864725
162.10000000000002 0.01835063
162.20000000000002 0.01805658
162.3 0.017765009999999998
162.4 0.01747599
162.5 0.01718943
162.60000000000002 0.01691014
162.70000000000002 0.016633199999999997
162.8 0.01635633
162.9 0.016084079999999997
163.0 0.01581426
163.10000000000002 0.01548517
163.20000000000002 0.01515681
163.3 0.01483379
163.4 0.01451384
163.5 0.014196829999999999
163.60000000000002 0.013882969999999998
163.70000000000002 0.01356997
163.8 0.01326211
163.9 0.012957280000000002
164.0 0.01265546
164.10000000000002 0.012344820000000001
164.20000000000002 0.01203916
164.3 0.01173648
164.4 0.011436779999999997
164.5 0.011140149999999998
164.60000000000002 0.010844830000000001
164.70000000000002 0.010554270000000001
164.8 0.010266769999999998
164.9 0.009982109999999999
165.0 0.009700509999999999
165.10000000000002 0.009444600000000001
165.20000000000002 0.009192620000000002
165.3 0.008943140000000002
165.4 0.008696140000000002
165.5 0.00845163
165.60000000000002 0.0082096
165.70000000000002 0.007970050000000001
165.8 0.007732959999999999
165.9 0.007498349999999999
166.0 0.007266109999999999
166.10000000000002 0.0070708199999999985
166.20000000000002 0.006877430000000002
166.3 0.006686020000000001
166.4 0.0064965000000000005
166.5 0.0063088599999999995
166.60000000000002 0.00612329
166.70000000000002 0.00593951
166.8 0.005757709999999999
166.9 0.00557788
167.0 0.005399920000000001
167.10000000000002 0.00522477
167.20000000000002 0.005051459999999999
167.3 0.004880000000000001
167.4 0.0047104799999999995
167.5 0.0045427
167.60000000000002 0.004379299999999999
167.70000000000002 0.004216910000000001
167.8 0.0040569000000000004
167.9 0.0038979999999999987
168.0 0.0037414000000000006
168.10000000000002 0.0036258999999999996
168.20000000000002 0.003510899999999999
168.3 0.0033977999999999994
168.4 0.0032852000000000003
168.5 0.003174399999999999
168.60000000000002 0.0030641999999999996
168.70000000000002 0.002955599999999999
168.8 0.002848399999999999
168.9 0.0027416999999999997
169.0 0.0026368
169.10000000000002 0.002532699999999999
169.20000000000002 0.002430400000000001
169.3 0.0023287000000000013
169.4 0.0022287999999999995
169.5 0.0021299000000000005
169.60000000000002 0.002031699999999999
169.70000000000002 0.0019349999999999992
169.8 0.001839200000000001
169.9 0.0017449000000000006
170.0 0.0016512999999999996
170.10000000000002 0.0016150999999999995
170.20000000000002 0.0015788
170.3 0.0015431999999999998
170.4 0.0015075999999999996
170.5 0.001472300000000001
170.60000000000002 0.0014377
170.70000000000002 0.0014031000000000009
170.8 0.0013691999999999992
170.9 0.0013352
171.0 0.0013014999999999988
171.10000000000002 0.0012686999999999993
171.20000000000002 0.0012358999999999998
171.3 0.0012036200000000007
171.4 0.001171479999999999
171.5 0.001139620000000001
171.60000000000002 0.0011083000000000013
171.70000000000002 0.001077110000000001
171.8 0.0010465400000000003
171.9 0.0010160299999999994
172.0 0.0009860200000000006
172.10000000000002 0.0009562299999999989
172.20000000000002 0.0009267400000000005
172.3 0.0008978399999999987
172.4 0.0008689400000000003
172.5 0.0008407099999999997
172.60000000000002 0.0008132199999999999
172.70000000000002 0.0007859800000000004
172.8 0.0007590099999999992
172.9 0.0007324199999999993
173.0 0.00070629
173.10000000000002 0.0006802900000000001
173.20000000000002 0.00065459
173.3 0.0006291700000000001
173.4 0.00060406
173.5 0.0005794199999999989
173.60000000000002 0.0005548899999999989
173.70000000000002 0.0005306700000000004
173.8 0.0005067400000000003
173.9 0.00048325999999999925
174.0 0.0004599199999999991
174.10000000000002 0.0004369099999999987
174.20000000000002 0.00041419000000000004
174.3 0.0003917599999999997
174.4 0.0003697500000000003
174.5 0.00034792999999999977
174.60000000000002 0.000326400000000001
174.70000000000002 0.0003051800000000004
174.8 0.0002842599999999997
174.9 0.00026371999999999854
175.0 0.00024338999999999958
175.10000000000002 0.0002440100000000011
175.20000000000002 0.00024467000000000065
175.3 0.00024532000000000026
175.4 0.0002458599999999988
175.5 0.00024646000000000043
175.60000000000002 0.0002470299999999988
175.70000000000002 0.0002475000000000012
175.8 0.0002480399999999997
175.9 0.000248449999999999
176.0 0.0002489399999999996
176.10000000000002 0.0002494000000000003
176.20000000000002 0.0002497499999999991
176.3 0.0002501700000000001
176.4 0.0002504600000000001
176.5 0.00025082999999999963
176.60000000000002 0.000251180000000001
176.70000000000002 0.00025140999999999965
176.8 0.00025169999999999967
176.9 0.00025188000000000033
177.0 0.0002521300000000006
177.10000000000002 0.0002523600000000001
177.20000000000002 0.00025246000000000036
177.3 0.0002526399999999993
177.4 0.0002528000000000001
177.5 0.0002528299999999999
177.60000000000002 0.0002532300000000001
177.70000000000002 0.0002535100000000002
177.8 0.00025387999999999973
177.9 0.0002542100000000004
178.0 0.00025442999999999993
178.10000000000002 0.00025473999999999983
178.20000000000002 0.0002549200000000005
178.3 0.00025518999999999976
178.4 0.00025531999999999985
178.5 0.00025554999999999935
178.60000000000002 0.0002557499999999999
178.70000000000002 0.0002558300000000003
178.8 0.0002559900000000002
178.9 0.00025602000000000003
179.0 0.0002561400000000002
179.10000000000002 0.0002562399999999996
179.20000000000002 0.0002562199999999997
179.3 0.00025629000000000016
179.4 0.0002562199999999997
179.5 0.00025622999999999965
179.60000000000002 0.0002562399999999996
179.70000000000002 0.00025611000000000037
179.8 0.00025606999999999974
179.9 0.00025588999999999994
180.0 0.00025580999999999954
180.10000000000002 0.00025387999999999973
180.20000000000002 0.00025195999999999986
180.3 0.00025003000000000004
180.4 0.00024799
180.5 0.0002460800000000001
180.60000000000002 0.0002441600000000002
180.70000000000002 0.00024226000000000022
180.8 0.00024035000000000029
180.9 0.00023844999999999943
181.0 0.00023654999999999943
181.10000000000002 0.00023464999999999944
181.20000000000002 0.00023265000000000004
181.3 0.0002307700000000008
181.4 0.00022887999999999988
181.5 0.0002270099999999997
181.60000000000002 0.0002251299999999996
181.70000000000002 0.00022325000000000036
181.8 0.00022139000000000013
181.9 0.00021951999999999996
182.0 0.00021754000000000044
182.10000000000002 0.0002156800000000002
182.20000000000002 0.00021383999999999986
182.3 0.0002119800000000005
182.4 0.00021014000000000015
182.5 0.00020830000000000067
182.60000000000002 0.00020656999999999967
182.70000000000002 0.0002048400000000004
182.8 0.00020313000000000015
182.9 0.00020140999999999996
183.0 0.00019970000000000057
183.10000000000002 0.00019798999999999945
183.20000000000002 0.0001962799999999992
183.3 0.00019457999999999975
183.4 0.0001928800000000003
183.5 0.00019118999999999994
183.60000000000002 0.00018950000000000043
183.70000000000002 0.00018781000000000006
183.8 0.0001861300000000005
183.9 0.00018443000000000018
184.0 0.0001827599999999997
184.10000000000002 0.00018109000000000007
184.20000000000002 0.00017942000000000045
184.3 0.00017774999999999996
184.4 0.0001760899999999994
184.5 0.0001744300000000006
184.60000000000002 0.00017277999999999998
184.70000000000002 0.0001711200000000003
184.8 0.0001694699999999997
184.9 0.00016781999999999995
185.0 0.00016618000000000015
185.10000000000002 0.00016554000000000048
185.20000000000002 0.00016489
185.3 0.00016421999999999964
185.4 0.00016355000000000015
185.5 0.00016285999999999991
185.60000000000002 0.00016218000000000048
185.70000000000002 0.00016147999999999944
185.8 0.00016076000000000024
185.9 0.00016003999999999931
186.0 0.00015930000000000024
186.10000000000002 0.00015857000000000024
186.20000000000002 0.00015782000000000036
186.3 0.00015706000000000053
186.4 0.0001562899999999999
186.5 0.0001555100000000002
186.60000000000002 0.00015472999999999962
186.70000000000002 0.00015393000000000004
186.8 0.00015311999999999965
186.9 0.00015218999999999953
187.0 0.00015134999999999975
187.10000000000002 0.00015050999999999997
187.20000000000002 0.00014967000000000018
187.3 0.0001488100000000001
187.4 0.00014794000000000005
187.5 0.00014706000000000007
187.60000000000002 0.00014629999999999982
187.70000000000002 0.00014551999999999968
187.8 0.00014473999999999997
187.9 0.00014382000000000023
188.0 0.00014300999999999984
188.10000000000002 0.00014219999999999988
188.20000000000002 0.00014137000000000004
188.3 0.0001405400000000002
188.4 0.00013958000000000026
188.5 0.00013871999999999973
188.60000000000002 0.00013787
188.70000000000002 0.00013699999999999997
188.8 0.00013612
188.9 0.00013509999999999998
189.0 0.00013420000000000012
189.10000000000002 0.00013329000000000032
189.20000000000002 0.00013238000000000008
189.3 0.00013133000000000025
189.4 0.00013040000000000013
189.5 0.00012945000000000014
189.60000000000002 0.0001284900000000002
189.70000000000002 0.00012746999999999975
189.8 0.00012648
189.9 0.00012546999999999992
190.0 0.00012445000000000034
190.10000000000002 0.00012304999999999998
190.20000000000002 0.00012166999999999994
190.3 0.00012027000000000001
190.4 0.00011888999999999997
190.5 0.00011749999999999998
190.60000000000002 0.00011610000000000006
190.70000000000002 0.00011471000000000007
190.8 0.00011332000000000009
190.9 0.00011194000000000004
191.0 0.00011053999999999968
191.10000000000002 0.00010916000000000007
191.20000000000002 0.00010776999999999965
191.3 0.00010637999999999967
191.4 0.00010500000000000006
191.5 0.00010361000000000007
191.60000000000002 0.00010221999999999965
191.70000000000002 0.00010084000000000004
191.8 9.944999999999963e-05
191.9 9.807000000000001e-05
192.0 9.668000000000003e-05
192.10000000000002 9.530999999999993e-05
192.20000000000002 9.391e-05
192.3 9.25399999999999e-05
192.4 9.114999999999991e-05
192.5 8.977999999999981e-05
192.60000000000002 8.84499999999999e-05
192.70000000000002 8.713999999999987e-05
192.8 8.582999999999985e-05
192.9 8.449999999999994e-05
193.0 8.318999999999991e-05
193.10000000000002 8.187999999999989e-05
193.20000000000002 8.056000000000014e-05
193.3 7.925000000000011e-05
193.4 7.792999999999993e-05
193.5 7.66199999999999e-05
193.60000000000002 7.529999999999993e-05
193.70000000000002 7.399999999999985e-05
193.8 7.268999999999982e-05
193.9 7.137000000000007e-05
194.0 7.006000000000004e-05
194.10000000000002 6.875000000000002e-05
194.20000000000002 6.744999999999993e-05
194.3 6.61399999999999e-05
194.4 6.48300000000001e-05
194.5 6.352000000000007e-05
194.60000000000002 6.219999999999989e-05
194.70000000000002 6.090000000000002e-05
194.8 5.958999999999999e-05
194.9 5.8299999999999845e-05
195.0 5.698999999999982e-05
195.10000000000002 5.575999999999997e-05
195.20000000000002 5.454000000000006e-05
195.3 5.331999999999993e-05
195.4 5.209000000000008e-05
195.5 5.086000000000001e-05
195.60000000000002 4.963000000000016e-05
195.70000000000002 4.8399999999999875e-05
195.8 4.7170000000000024e-05
195.9 4.5939999999999957e-05
196.0 4.469000000000001e-05
196.10000000000002 4.345999999999994e-05
196.20000000000002 4.221999999999993e-05
196.3 4.097999999999992e-05
196.4 3.97319999999999e-05
196.5 3.849300000000001e-05
196.60000000000002 3.724999999999996e-05
196.70000000000002 3.600700000000001e-05
196.8 3.476200000000003e-05
196.9 3.351799999999996e-05
197.0 3.2271999999999965e-05
197.10000000000002 3.102599999999997e-05
197.20000000000002 2.9764999999999956e-05
197.3 2.8517999999999946e-05
197.4 2.7269000000000013e-05
197.5 2.6046000000000055e-05
197.60000000000002 2.5029999999999996e-05
197.70000000000002 2.4026000000000017e-05
197.8 2.3020999999999914e-05
197.9 2.2028999999999907e-05
198.0 2.1023000000000005e-05
198.10000000000002 2.001599999999998e-05
198.20000000000002 1.9021999999999995e-05
198.3 1.8014000000000007e-05
198.4 1.701999999999997e-05
198.5 1.601199999999998e-05
198.60000000000002 1.5002999999999978e-05
198.70000000000002 1.4006000000000001e-05
198.8 1.2994999999999966e-05
198.9 1.1989999999999972e-05
199.0 1.0984000000000015e-05
199.10000000000002 9.97699999999999e-06
199.20000000000002 8.96999999999999e-06
199.3 7.961999999999976e-06
199.4 6.955000000000004e-06
199.5 5.943999999999996e-06
199.60000000000002 4.935000000000006e-06
199.70000000000002 3.925699999999995e-06
199.8 2.5356000000000033e-06
199.9 2.211699999999998e-06
200.0 2.1731000000000013e-06
200.10000000000002 2.1419000000000006e-06
200.20000000000002 2.111700000000002e-06
200.3 2.0813999999999967e-06
200.4 2.0511999999999983e-06
200.5 2.022000000000002e-06
200.60000000000002 1.991499999999996e-06
200.70000000000002 1.9621999999999996e-06
200.8 1.932900000000003e-06
200.9 1.9033999999999994e-06
201.0 1.8751000000000051e-06
201.10000000000002 1.8478999999999997e-06
201.20000000000002 1.8218000000000035e-06
201.3 1.7968000000000029e-06
201.4 1.7705999999999996e-06
201.5 1.744300000000003e-06
201.60000000000002 1.7167999999999968e-06
201.70000000000002 1.689200000000004e-06
201.8 1.6628000000000004e-06
201.9 1.6352000000000009e-06
202.0 1.6087000000000038e-06
202.10000000000002 1.5868000000000032e-06
202.20000000000002 1.5648999999999958e-06
202.3 1.5439999999999974e-06
202.4 1.5219999999999966e-06
202.5 1.5011999999999984e-06
202.60000000000002 1.4801999999999998e-06
202.70000000000002 1.460399999999997e-06
202.8 1.440600000000001e-06
202.9 1.4219000000000007e-06
203.0 1.4019999999999978e-06
203.10000000000002 1.3831000000000037e-06
203.20000000000002 1.3642999999999964e-06
203.3 1.3455000000000026e-06
203.4 1.3277999999999977e-06
203.5 1.3089000000000037e-06
203.60000000000002 1.293499999999997e-06
203.70000000000002 1.277999999999997e-06
203.8 1.2626000000000038e-06
203.9 1.247099999999997e-06
204.0 1.2314999999999966e-06
204.10000000000002 1.2160000000000033e-06
204.20000000000002 1.2004999999999998e-06
204.3 1.184100000000001e-06
204.4 1.1683000000000003e-06
204.5 1.1527e-06
204.60000000000002 1.140200000000003e-06
204.70000000000002 1.1280999999999969e-06
204.8 1.1162000000000013e-06
204.9 1.1041999999999987e-06
205.0 1.0920999999999993e-06
205.10000000000002 1.0798000000000028e-06
205.20000000000002 1.0675999999999997e-06
205.3 1.0552999999999999e-06
205.4 1.043e-06
205.5 1.0312000000000012e-06
205.60000000000002 1.021999999999998e-06
205.70000000000002 1.0134999999999997e-06
205.8 1.0049000000000012e-06
205.9 9.962999999999993e-07
206.0 9.877000000000007e-07
206.10000000000002 9.792000000000024e-07
206.20000000000002 9.706000000000005e-07
206.3 9.620999999999988e-07
206.4 9.536000000000005e-07
206.5 9.444000000000006e-07
206.60000000000002 9.319000000000003e-07
206.70000000000002 9.187999999999987e-07
206.8 9.056000000000003e-07
206.9 8.925999999999989e-07
207.0 8.799000000000015e-07
207.10000000000002 8.739999999999987e-07
207.20000000000002 8.685000000000002e-07
207.3 8.628999999999981e-07
207.4 8.576000000000001e-07
207.5 8.52499999999999e-07
207.60000000000002 8.501000000000006e-07
207.70000000000002 8.481999999999998e-07
207.8 8.46299999999999e-07
207.9 8.443000000000014e-07
208.0 8.414999999999986e-07
208.10000000000002 8.294999999999994e-07
208.20000000000002 8.166999999999985e-07
208.3 8.038000000000007e-07
208.4 7.908999999999995e-07
208.5 7.793000000000012e-07
208.60000000000002 7.75500000000003e-07
208.70000000000002 7.730000000000009e-07
208.8 7.703999999999986e-07
208.9 7.677999999999997e-07
209.0 7.650999999999971e-07
209.10000000000002 7.613000000000024e-07
209.20000000000002 7.574000000000006e-07
209.3 7.533999999999986e-07
209.4 7.495000000000002e-07
209.5 7.456000000000018e-07
209.60000000000002 7.416000000000032e-07
209.70000000000002 7.375999999999978e-07
209.8 7.336000000000026e-07
209.9 7.296000000000006e-07
210.0 7.261999999999999e-07
210.10000000000002 7.25799999999999e-07
210.20000000000002 7.261999999999999e-07
210.3 7.26399999999997e-07
210.4 7.26700000000001e-07
210.5 7.26700000000001e-07
210.60000000000002 7.250999999999975e-07
210.70000000000002 7.235000000000008e-07
210.8 7.217000000000002e-07
210.9 7.198999999999997e-07
211.0 7.181999999999993e-07
211.10000000000002 7.172000000000005e-07
211.20000000000002 7.163999999999988e-07
211.3 7.156000000000004e-07
211.4 7.147999999999986e-07
211.5 7.132999999999987e-07
211.60000000000002 7.083000000000013e-07
211.70000000000002 7.027000000000026e-07
211.8 6.972000000000007e-07
211.9 6.91600000000002e-07
212.0 6.871999999999991e-07
212.10000000000002 6.897000000000012e-07
212.20000000000002 6.932999999999989e-07
212.3 6.971000000000005e-07
212.4 7.007000000000016e-07
212.5 7.040999999999989e-07
212.60000000000002 7.019000000000009e-07
212.70000000000002 6.99499999999999e-07
212.8 6.971000000000005e-07
212.9 6.946999999999986e-07
213.0 6.923000000000001e-07
213.10000000000002 6.912000000000011e-07
213.20000000000002 6.902999999999991e-07
213.3 6.893000000000003e-07
213.4 6.88500000000002e-07
213.5 6.880000000000009e-07
213.60000000000002 6.903999999999994e-07
213.70000000000002 6.933999999999992e-07
213.8 6.965000000000026e-07
213.9 6.99499999999999e-07
214.0 7.02599999999999e-07
214.10000000000002 7.064000000000006e-07
214.20000000000002 7.102999999999989e-07
214.3 7.142999999999975e-07
214.4 7.182999999999995e-07
214.5 7.218000000000004e-07
214.60000000000002 7.230999999999999e-07
214.70000000000002 7.239999999999985e-07
214.8 7.248000000000002e-07
214.9 7.25799999999999e-07
215.0 7.269000000000015e-07
215.10000000000002 7.292999999999999e-07
215.20000000000002 7.317999999999987e-07
215.3 7.34400000000001e-07
215.4 7.368999999999997e-07
215.5 7.397999999999993e-07
215.60000000000002 7.437999999999979e-07
215.70000000000002 7.481000000000005e-07
215.8 7.522999999999996e-07
215.9 7.566000000000022e-07
216.0 7.603000000000002e-07
216.10000000000002 7.611000000000019e-07
216.20000000000002 7.613000000000024e-07
216.3 7.61600000000003e-07
216.4 7.619999999999971e-07
216.5 7.622999999999978e-07
216.60000000000002 7.624999999999982e-07
216.70000000000002 7.626999999999986e-07
216.8 7.630999999999995e-07
216.9 7.631999999999997e-07
217.0 7.635000000000004e-07
217.10000000000002 7.636000000000006e-07
217.20000000000002 7.638000000000011e-07
217.3 7.640000000000015e-07
217.4 7.641999999999985e-07
217.5 7.64399999999999e-07
217.60000000000002 7.644000000000024e-07
217.70000000000002 7.646999999999996e-07
217.8 7.647999999999999e-07
217.9 7.650000000000003e-07
218.0 7.651000000000005e-07
218.10000000000002 7.652000000000007e-07
218.20000000000002 7.652999999999976e-07
218.3 7.65300000000001e-07
218.4 7.655000000000014e-07
218.5 7.655000000000014e-07
218.60000000000002 7.655999999999982e-07
218.70000000000002 7.65499999999998e-07
218.8 7.657000000000018e-07
218.9 7.657000000000018e-07
219.0 7.658000000000021e-07
219.10000000000002 7.657000000000018e-07
219.20000000000002 7.658000000000021e-07
219.3 7.656999999999984e-07
219.4 7.656999999999984e-07
219.5 7.657999999999987e-07
219.60000000000002 7.656000000000016e-07
219.70000000000002 7.656000000000016e-07
219.8 7.655999999999982e-07
219.9 7.655000000000014e-07
220.0 7.655000000000014e-07
220.10000000000002 7.652999999999976e-07
220.20000000000002 7.65300000000001e-07
220.3 7.651000000000005e-07
220.4 7.650000000000003e-07
220.5 7.647999999999999e-07
220.60000000000002 7.646999999999996e-07
220.70000000000002 7.644999999999992e-07
220.8 7.644999999999992e-07
220.9 7.642999999999988e-07
221.0 7.640999999999983e-07
221.10000000000002 7.638999999999979e-07
221.20000000000002 7.636999999999974e-07
221.3 7.635000000000004e-07
221.4 7.633e-07
221.5 7.630999999999995e-07
221.60000000000002 7.628999999999991e-07
221.70000000000002 7.62700000000002e-07
221.8 7.624000000000014e-07
221.9 7.621999999999975e-07
222.0 7.621000000000007e-07
222.10000000000002 7.61600000000003e-07
222.20000000000002 7.61299999999999e-07
222.3 7.610999999999985e-07
222.4 7.608000000000013e-07
222.5 7.605000000000006e-07
222.60000000000002 7.601999999999999e-07
222.70000000000002 7.599999999999995e-07
222.8 7.596999999999988e-07
222.9 7.592000000000011e-07
223.0 7.590000000000007e-07
223.10000000000002 7.585999999999998e-07
223.20000000000002 7.581999999999989e-07
223.3 7.580000000000019e-07
223.4 7.574000000000006e-07
223.5 7.570999999999999e-07
223.60000000000002 7.567000000000024e-07
223.70000000000002 7.564999999999986e-07
223.8 7.560000000000009e-07
223.9 7.557000000000002e-07
224.0 7.552999999999994e-07
224.10000000000002 7.54699999999998e-07
224.20000000000002 7.543000000000006e-07
224.3 7.537999999999995e-07
224.4 7.535000000000022e-07
224.5 7.530000000000011e-07
224.60000000000002 7.525e-07
224.70000000000002 7.521000000000025e-07
224.8 7.516000000000014e-07
224.9 7.512000000000005e-07
225.0 7.506999999999994e-07
225.10000000000002 7.501999999999983e-07
225.20000000000002 7.497000000000006e-07
225.3 7.491999999999995e-07
225.4 7.485999999999982e-07
225.5 7.481000000000005e-07
225.60000000000002 7.475999999999994e-07
225.70000000000002 7.470000000000015e-07
225.8 7.46499999999997e-07
225.9 7.459999999999993e-07
226.0 7.455000000000016e-07
226.10000000000002 7.448e-07
226.20000000000002 7.443000000000023e-07
226.3 7.43700000000001e-07
226.4 7.431000000000031e-07
226.5 7.42600000000002e-07
226.60000000000002 7.419000000000005e-07
226.70000000000002 7.414000000000028e-07
226.8 7.407000000000012e-07
226.9 7.402000000000001e-07
227.0 7.395999999999988e-07
227.10000000000002 7.388000000000004e-07
227.20000000000002 7.382999999999994e-07
227.3 7.37500000000001e-07
227.4 7.368999999999997e-07
227.5 7.363000000000017e-07
227.60000000000002 7.356000000000002e-07
227.70000000000002 7.349999999999989e-07
227.8 7.342000000000005e-07
227.9 7.335999999999992e-07
228.0 7.330000000000013e-07
228.10000000000002 7.321999999999995e-07
228.20000000000002 7.315000000000014e-07
228.3 7.307999999999998e-07
228.4 7.301000000000017e-07
228.5 7.292999999999999e-07
228.60000000000002 7.286999999999986e-07
228.70000000000002 7.279000000000003e-07
228.8 7.271999999999987e-07
228.9 7.265000000000006e-07
229.0 7.25799999999999e-07
229.10000000000002 7.250000000000007e-07
229.20000000000002 7.242999999999991e-07
229.3 7.23600000000001e-07
229.4 7.227999999999992e-07
229.5 7.221000000000011e-07
229.60000000000002 7.212999999999993e-07
229.70000000000002 7.20500000000001e-07
229.8 7.197999999999994e-07
229.9 7.189000000000009e-07
230.0 7.181999999999993e-07
230.10000000000002 7.17400000000001e-07
230.20000000000002 7.165999999999992e-07
230.3 7.159000000000011e-07
230.4 7.149999999999991e-07
230.5 7.143000000000009e-07
230.60000000000002 7.134000000000024e-07
230.70000000000002 7.125000000000004e-07
230.8 7.118000000000022e-07
230.9 7.109000000000003e-07
231.0 7.101000000000019e-07
231.10000000000002 7.091999999999999e-07
231.20000000000002 7.083999999999982e-07
231.3 7.074000000000027e-07
231.4 7.067000000000012e-07
231.5 7.058999999999995e-07
231.60000000000002 7.049999999999975e-07
231.70000000000002 7.042000000000025e-07
231.8 7.033000000000005e-07
231.9 7.024999999999988e-07
232.0 7.015e-07
232.10000000000002 7.006999999999982e-07
232.20000000000002 6.997999999999996e-07
232.3 6.990000000000013e-07
232.4 6.979999999999991e-07
232.5 6.972000000000007e-07
232.60000000000002 6.963000000000021e-07
232.70000000000002 6.952999999999999e-07
232.8 6.942999999999977e-07
232.9 6.934999999999994e-07
233.0 6.926000000000008e-07
233.10000000000002 6.91600000000002e-07
233.20000000000002 6.907e-07
233.3 6.898000000000014e-07
233.4 6.889000000000028e-07
233.5 6.879000000000006e-07
233.60000000000002 6.870999999999989e-07
233.70000000000002 6.862000000000003e-07
233.8 6.852000000000015e-07
233.9 6.841999999999993e-07
234.0 6.834000000000009e-07
234.10000000000002 6.823999999999988e-07
234.20000000000002 6.814e-07
234.3 6.805000000000014e-07
234.4 6.794999999999992e-07
234.5 6.78499999999997e-07
234.60000000000002 6.775000000000016e-07
234.70000000000002 6.764999999999994e-07
234.8 6.755000000000006e-07
234.9 6.745999999999986e-07
235.0 6.735999999999998e-07
235.10000000000002 6.727000000000012e-07
235.20000000000002 6.71699999999999e-07
235.3 6.707000000000002e-07
235.4 6.69699999999998e-07
235.5 6.686999999999992e-07
235.60000000000002 6.678000000000006e-07
235.70000000000002 6.667999999999984e-07
235.8 6.656999999999994e-07
235.9 6.64900000000001e-07
236.0 6.639000000000022e-07
236.10000000000002 6.629e-07
236.20000000000002 6.617000000000008e-07
236.3 6.608000000000022e-07
236.4 6.596999999999998e-07
236.5 6.586999999999976e-07
236.60000000000002 6.576999999999988e-07
236.70000000000002 6.567e-07
236.8 6.557000000000012e-07
236.9 6.546000000000022e-07
237.0 6.537000000000002e-07
237.10000000000002 6.52699999999998e-07
237.20000000000002 6.51599999999999e-07
237.3 6.505e-07
237.4 6.495000000000012e-07
237.5 6.485000000000023e-07
237.60000000000002 6.475000000000002e-07
237.70000000000002 6.463000000000009e-07
237.8 6.453999999999989e-07
237.9 6.442999999999999e-07
238.0 6.432000000000009e-07
238.10000000000002 6.421999999999987e-07
238.20000000000002 6.413000000000001e-07
238.3 6.402000000000011e-07
238.4 6.390999999999987e-07
238.5 6.380999999999999e-07
238.60000000000002 6.371000000000011e-07
238.70000000000002 6.358999999999984e-07
238.8 6.348999999999996e-07
238.9 6.338000000000006e-07
239.0 6.328000000000018e-07
239.10000000000002 6.316999999999994e-07
239.20000000000002 6.307000000000006e-07
239.3 6.296000000000016e-07
239.4 6.286999999999996e-07
239.5 6.274000000000001e-07
239.60000000000002 6.263999999999979e-07
239.70000000000002 6.253999999999991e-07
239.8 6.243000000000001e-07
239.9 6.233000000000013e-07
240.0 6.221999999999989e-07
240.10000000000002 6.210999999999999e-07
240.20000000000002 6.199000000000006e-07
240.3 6.189000000000001e-07
240.4 6.178000000000011e-07
240.5 6.167000000000021e-07
240.60000000000002 6.156999999999999e-07
240.70000000000002 6.146000000000009e-07
240.8 6.133999999999999e-07
240.9 6.123999999999994e-07
241.0 6.114000000000006e-07
241.10000000000002 6.101999999999997e-07
241.20000000000002 6.092000000000009e-07
241.3 6.081999999999987e-07
241.4 6.069999999999994e-07
241.5 6.058999999999987e-07
241.60000000000002 6.046999999999995e-07
241.70000000000002 6.037000000000007e-07
241.8 6.026000000000017e-07
241.9 6.014999999999992e-07
242.0 6.005000000000004e-07
242.10000000000002 5.993999999999997e-07
242.20000000000002 5.984000000000009e-07
242.3 5.973000000000002e-07
242.4 5.961999999999995e-07
242.5 5.951000000000005e-07
242.60000000000002 5.938999999999995e-07
242.70000000000002 5.929000000000007e-07
242.8 5.916999999999998e-07
242.9 5.906999999999993e-07
243.0 5.896000000000003e-07
243.10000000000002 5.885999999999998e-07
243.20000000000002 5.874000000000005e-07
243.3 5.864e-07
243.4 5.85300000000001e-07
243.5 5.842000000000003e-07
243.60000000000002 5.829999999999993e-07
243.70000000000002 5.819000000000003e-07
243.8 5.808999999999998e-07
243.9 5.798000000000008e-07
244.0 5.785000000000013e-07
244.10000000000002 5.775000000000008e-07
244.20000000000002 5.764000000000001e-07
244.3 5.753000000000011e-07
244.4 5.742000000000004e-07
244.5 5.731999999999999e-07
244.60000000000002 5.721000000000008e-07
244.70000000000002 5.710000000000001e-07
244.8 5.697999999999992e-07
244.9 5.688000000000004e-07
245.0 5.676999999999997e-07
245.10000000000002 5.665999999999989e-07
245.20000000000002 5.654999999999999e-07
245.3 5.644000000000009e-07
245.4 5.634000000000004e-07
245.5 5.621999999999995e-07
245.60000000000002 5.612000000000007e-07
245.70000000000002 5.599999999999997e-07
245.8 5.589999999999992e-07
245.9 5.579000000000002e-07
246.0 5.568000000000012e-07
246.10000000000002 5.558000000000007e-07
246.20000000000002 5.547e-07
246.3 5.535999999999992e-07
246.4 5.525000000000002e-07
246.5 5.512999999999993e-07
246.60000000000002 5.502000000000003e-07
246.70000000000002 5.492000000000015e-07
246.8 5.481000000000007e-07
246.9 5.47e-07
247.0 5.458999999999993e-07
247.10000000000002 5.448000000000003e-07
247.20000000000002 5.439e-07
247.3 5.42800000000001e-07
247.4 5.416e-07
247.5 5.405999999999995e-07
247.60000000000002 5.395000000000005e-07
247.70000000000002 5.383999999999998e-07
247.8 5.372999999999991e-07
247.9 5.362e-07
248.0 5.350999999999993e-07
248.10000000000002 5.341000000000005e-07
248.20000000000002 5.329000000000013e-07
248.3 5.318000000000006e-07
248.4 5.309000000000003e-07
248.5 5.297999999999996e-07
248.60000000000002 5.286999999999989e-07
248.70000000000002 5.275999999999998e-07
248.8 5.264999999999991e-07
248.9 5.253999999999984e-07
249.0 5.243000000000011e-07
249.10000000000002 5.232000000000003e-07
249.20000000000002 5.221000000000013e-07
249.3 5.210999999999991e-07
249.4 5.200000000000001e-07
249.5 5.188999999999994e-07
249.60000000000002 5.178999999999989e-07
249.70000000000002 5.167999999999999e-07
249.8 5.156999999999991e-07
249.9 5.147000000000003e-07
250.0 5.136999999999998e-07
250.10000000000002 5.126000000000008e-07
250.20000000000002 5.115000000000001e-07
250.3 5.105000000000013e-07
250.4 5.094000000000006e-07
250.5 5.082999999999999e-07
250.60000000000002 5.072999999999994e-07
250.70000000000002 5.062000000000003e-07
250.8 5.050999999999996e-07
250.9 5.040999999999991e-07
251.0 5.031000000000003e-07
251.10000000000002 5.019999999999996e-07
251.20000000000002 5.009000000000006e-07
251.3 5.000000000000003e-07
251.4 4.988999999999996e-07
251.5 4.979000000000008e-07
251.60000000000002 4.968000000000001e-07
251.70000000000002 4.95700000000001e-07
251.8 4.946999999999988e-07
251.9 4.937e-07
252.0 4.926999999999995e-07
252.10000000000002 4.916000000000005e-07
252.20000000000002 4.904999999999998e-07
252.3 4.896000000000012e-07
252.4 4.885000000000005e-07
252.5 4.873000000000012e-07
252.60000000000002 4.863999999999993e-07
252.70000000000002 4.853000000000002e-07
252.8 4.842999999999998e-07
252.9 4.833000000000009e-07
253.0 4.821e-07
253.10000000000002 4.811999999999997e-07
253.20000000000002 4.80099999999999e-07
253.3 4.792000000000004e-07
253.4 4.779999999999995e-07
253.5 4.770999999999992e-07
253.60000000000002 4.760000000000002e-07
253.70000000000002 4.749999999999997e-07
253.8 4.740000000000009e-07
253.9 4.729999999999987e-07
254.0 4.7189999999999967e-07
254.10000000000002 4.7090000000000086e-07
254.20000000000002 4.699999999999989e-07
254.3 4.6889999999999986e-07
254.4 4.6789999999999937e-07
254.5 4.669999999999991e-07
254.60000000000002 4.6580000000000154e-07
254.70000000000002 4.6489999999999956e-07
254.8 4.639999999999993e-07
254.9 4.6289999999999857e-07
255.0 4.6189999999999976e-07
255.10000000000002 4.6090000000000096e-07
255.20000000000002 4.5989999999999876e-07
255.3 4.5889999999999996e-07
255.4 4.5789999999999946e-07
255.5 4.5689999999999896e-07
255.60000000000002 4.5579999999999994e-07
255.70000000000002 4.5489999999999966e-07
255.8 4.539999999999994e-07
255.9 4.529999999999989e-07
256.0 4.520000000000001e-07
256.1 4.5090000000000105e-07
256.2 4.499999999999991e-07
256.3 4.491000000000005e-07
256.40000000000003 4.481e-07
256.5 4.469999999999993e-07
256.6 4.4600000000000047e-07
256.7 0.0
256.8 0.0
256.90000000000003 0.0
257.0 0.0
257.1 0.0
257.2 0.0
257.3 0.0
257.40000000000003 0.0
257.5 0.0
257.6 0.0
257.7 0.0
257.8 0.0
257.90000000000003 0.0
258.0 0.0
258.1 0.0
258.2 0.0
258.3 0.0
258.40000000000003 0.0
258.5 0.0
258.6 0.0
258.7 0.0
258.8 0.0
258.90000000000003 0.0
259.0 0.0
259.1 0.0
259.2 0.0
259.3 0.0
259.40000000000003 0.0
259.5 0.0
259.6 0.0
259.7 0.0
259.8 0.0
259.90000000000003 0.0
260.0 0.0
260.1 0.0
260.2 0.0
260.3 0.0
260.40000000000003 0.0
260.5 0.0
260.6 0.0
260.7 0.0
260.8 0.0
260.90000000000003 0.0
261.0 0.0
261.1 0.0
261.2 0.0
261.3 0.0
261.40000000000003 0.0
261.5 0.0
261.6 0.0
261.7 0.0
261.8 0.0
261.90000000000003 0.0
262.0 0.0
262.1 0.0
262.2 0.0
262.3 0.0
262.40000000000003 0.0
262.5 0.0
262.6 0.0
262.7 0.0
262.8 0.0
262.90000000000003 0.0
263.0 0.0
263.1 0.0
263.2 0.0
263.3 0.0
263.40000000000003 0.0
263.5 0.0
263.6 0.0
263.7 0.0
263.8 0.0
263.90000000000003 0.0
264.0 0.0
264.1 0.0
264.2 0.0
264.3 0.0
264.40000000000003 0.0
264.5 0.0
264.6 0.0
264.7 0.0
264.8 0.0
264.90000000000003 0.0
265.0 0.0
265.1 0.0
265.2 0.0
265.3 0.0
265.40000000000003 0.0
265.5 0.0
265.6 0.0
265.7 0.0
265.8 0.0
265.90000000000003 0.0
266.0 0.0
266.1 0.0
266.2 0.0
266.3 0.0
266.40000000000003 0.0
266.5 0.0
266.6 0.0
266.7 0.0
266.8 0.0
266.90000000000003 0.0
267.0 0.0
267.1 0.0
267.2 0.0
267.3 0.0
267.40000000000003 0.0
267.5 0.0
267.6 0.0
267.7 0.0
267.8 0.0
267.90000000000003 0.0
268.0 0.0
268.1 0.0
268.2 0.0
268.3 0.0
268.40000000000003 0.0
268.5 0.0
268.6 0.0
268.7 0.0
268.8 0.0
268.90000000000003 0.0
269.0 0.0
269.1 0.0
269.2 0.0
269.3 0.0
269.40000000000003 0.0
269.5 0.0
269.6 0.0
269.7 0.0
269.8 0.0
269.90000000000003 0.0
270.0 0.0
270.1 0.0
270.2 0.0
270.3 0.0
270.40000000000003 0.0
270.5 0.0
270.6 0.0
270.7 0.0
270.8 0.0
270.90000000000003 0.0
271.0 0.0
271.1 0.0
271.2 0.0
271.3 0.0
271.40000000000003 0.0
271.5 0.0
271.6 0.0
271.7 0.0
271.8 0.0
271.90000000000003 0.0
272.0 0.0
272.1 0.0
272.2 0.0
272.3 0.0
272.40000000000003 0.0
272.5 0.0
272.6 0.0
272.7 0.0
272.8 0.0
272.90000000000003 0.0
273.0 0.0
273.1 0.0
273.2 0.0
273.3 0.0
273.40000000000003 0.0
273.5 0.0
273.6 0.0
273.7 0.0
273.8 0.0
273.90000000000003 0.0
274.0 0.0
274.1 0.0
274.2 0.0
274.3 0.0
274.40000000000003 0.0
274.5 0.0
274.6 0.0
274.7 0.0
274.8 0.0
274.90000000000003 0.0
275.0 0.0
275.1 0.0
275.2 0.0
275.3 0.0
275.40000000000003 0.0
275.5 0.0
275.6 0.0
275.7 0.0
275.8 0.0
275.90000000000003 0.0
276.0 0.0
276.1 0.0
276.2 0.0
276.3 0.0
276.40000000000003 0.0
276.5 0.0
276.6 0.0
276.7 0.0
276.8 0.0
276.90000000000003 0.0
277.0 0.0
277.1 0.0
277.2 0.0
277.3 0.0
277.40000000000003 0.0
277.5 0.0
277.6 0.0
277.7 0.0
277.8 0.0
277.90000000000003 0.0
278.0 0.0
278.1 0.0
278.2 0.0
278.3 0.0
278.40000000000003 0.0
278.5 0.0
278.6 0.0
278.7 0.0
278.8 0.0
278.90000000000003 0.0
279.0 0.0
279.1 0.0
279.2 0.0
279.3 0.0
279.40000000000003 0.0
279.5 0.0
279.6 0.0
279.7 0.0
279.8 0.0
279.90000000000003 0.0
280.0 0.0
280.1 0.0
280.2 0.0
280.3 0.0
280.40000000000003 0.0
280.5 0.0
280.6 0.0
280.7 0.0
280.8 0.0
280.90000000000003 0.0
281.0 0.0
281.1 0.0
281.2 0.0
281.3 0.0
281.40000000000003 0.0
281.5 0.0
281.6 0.0
281.7 0.0
281.8 0.0
281.90000000000003 0.0
282.0 0.0
282.1 0.0
282.2 0.0
282.3 0.0
282.40000000000003 0.0
282.5 0.0
282.6 0.0
282.7 0.0
282.8 0.0
282.90000000000003 0.0
283.0 0.0
283.1 0.0
283.2 0.0
283.3 0.0
283.40000000000003 0.0
283.5 0.0
283.6 0.0
283.7 0.0
283.8 0.0
283.90000000000003 0.0
284.0 0.0
284.1 0.0
284.2 0.0
284.3 0.0
284.40000000000003 0.0
284.5 0.0
284.6 0.0
284.7 0.0
284.8 0.0
284.90000000000003 0.0
285.0 0.0
285.1 0.0
285.2 0.0
285.3 0.0
285.40000000000003 0.0
285.5 0.0
285.6 0.0
285.7 0.0
285.8 0.0
285.90000000000003 0.0
286.0 0.0
286.1 0.0
286.2 0.0
286.3 0.0
286.40000000000003 0.0
286.5 0.0
286.6 0.0
286.7 0.0
286.8 0.0
286.90000000000003 0.0
287.0 0.0
287.1 0.0
287.2 0.0
287.3 0.0
287.40000000000003 0.0
287.5 0.0
287.6 0.0
287.7 0.0
287.8 0.0
287.90000000000003 0.0
288.0 0.0
288.1 0.0
288.2 0.0
288.3 0.0
288.40000000000003 0.0
288.5 0.0
288.6 0.0
288.7 0.0
288.8 0.0
288.90000000000003 0.0
289.0 0.0
289.1 0.0
289.2 0.0
289.3 0.0
289.40000000000003 0.0
289.5 0.0
289.6 0.0
289.7 0.0
289.8 0.0
289.90000000000003 0.0
290.0 0.0
290.1 0.0
290.2 0.0
290.3 0.0
290.40000000000003 0.0
290.5 0.0
290.6 0.0
290.7 0.0
290.8 0.0
290.90000000000003 0.0
291.0 0.0
291.1 0.0
291.2 0.0
291.3 0.0
291.40000000000003 0.0
291.5 0.0
291.6 0.0
291.7 0.0
291.8 0.0
291.90000000000003 0.0
292.0 0.0
292.1 0.0
292.2 0.0
292.3 0.0
292.40000000000003 0.0
292.5 0.0
292.6 0.0
292.7 0.0
292.8 0.0
292.90000000000003 0.0
293.0 0.0
293.1 0.0
293.2 0.0
293.3 0.0
293.40000000000003 0.0
293.5 0.0
293.6 0.0
293.7 0.0
293.8 0.0
293.90000000000003 0.0
294.0 0.0
294.1 0.0
294.2 0.0
294.3 0.0
294.40000000000003 0.0
294.5 0.0
294.6 0.0
294.7 0.0
294.8 0.0
294.90000000000003 0.0
295.0 0.0
295.1 0.0
295.2 0.0
295.3 0.0
295.40000000000003 0.0
295.5 0.0
295.6 0.0
295.7 0.0
295.8 0.0
295.90000000000003 0.0
296.0 0.0
296.1 0.0
296.2 0.0
296.3 0.0
296.40000000000003 0.0
296.5 0.0
296.6 0.0
296.7 0.0
296.8 0.0
296.90000000000003 0.0
297.0 0.0
297.1 0.0
297.2 0.0
297.3 0.0
297.40000000000003 0.0
297.5 0.0
297.6 0.0
297.7 0.0
297.8 0.0
297.90000000000003 0.0
298.0 0.0
298.1 0.0
298.2 0.0
298.3 0.0
298.40000000000003 0.0
298.5 0.0
298.6 0.0
298.7 0.0
298.8 0.0
298.90000000000003 0.0
299.0 0.0
299.1 0.0
299.2 0.0
299.3 0.0
299.40000000000003 0.0
299.5 0.0
299.6 0.0
299.7 0.0
299.8 0.0
299.90000000000003 0.0
300.0 0.0
300.1 0.0
300.2 0.0
300.3 0.0
300.40000000000003 0.0
300.5 0.0
300.6 0.0
300.7 0.0
300.8 0.0
300.90000000000003 0.0
301.0 0.0
301.1 0.0
301.2 0.0
301.3 0.0
301.40000000000003 0.0
301.5 0.0
301.6 0.0
301.7 0.0
301.8 0.0
301.90000000000003 0.0
302.0 0.0
302.1 0.0
302.2 0.0
302.3 0.0
302.40000000000003 0.0
302.5 0.0
302.6 0.0
302.7 0.0
302.8 0.0
302.90000000000003 0.0
303.0 0.0
303.1 0.0
303.2 0.0
303.3 0.0
303.40000000000003 0.0
303.5 0.0
303.6 0.0
303.7 0.0
303.8 0.0
303.90000000000003 0.0
304.0 0.0
304.1 0.0
304.2 0.0
304.3 0.0
304.40000000000003 0.0
304.5 0.0
304.6 0.0
304.7 0.0
304.8 0.0
304.90000000000003 0.0
305.0 0.0
305.1 0.0
305.2 0.0
305.3 0.0
305.40000000000003 0.0
305.5 0.0
305.6 0.0
305.7 0.0
305.8 0.0
305.90000000000003 0.0
306.0 0.0
306.1 0.0
306.2 0.0
306.3 0.0
306.40000000000003 0.0
306.5 0.0
306.6 0.0
306.7 0.0
306.8 0.0
306.90000000000003 0.0
307.0 0.0
307.1 0.0
307.20000000000005 0.0
307.3 0.0
307.40000000000003 0.0
307.5 0.0
307.6 0.0
307.70000000000005 0.0
307.8 0.0
307.90000000000003 0.0
308.0 0.0
308.1 0.0
308.20000000000005 0.0
308.3 0.0
308.40000000000003 0.0
308.5 0.0
308.6 0.0
308.70000000000005 0.0
308.8 0.0
308.90000000000003 0.0
309.0 0.0
309.1 0.0
309.20000000000005 0.0
309.3 0.0
309.40000000000003 0.0
309.5 0.0
309.6 0.0
309.70000000000005 0.0
309.8 0.0
309.90000000000003 0.0
310.0 0.0
310.1 0.0
310.20000000000005 0.0
310.3 0.0
310.40000000000003 0.0
310.5 0.0
310.6 0.0
310.70000000000005 0.0
310.8 0.0
310.90000000000003 0.0
311.0 0.0
311.1 0.0
311.20000000000005 0.0
311.3 0.0
311.40000000000003 0.0
311.5 0.0
311.6 0.0
311.70000000000005 0.0
311.8 0.0
311.90000000000003 0.0
312.0 0.0
312.1 0.0
312.20000000000005 0.0
312.3 0.0
312.40000000000003 0.0
312.5 0.0
312.6 0.0
312.70000000000005 0.0
312.8 0.0
312.90000000000003 0.0
313.0 0.0
313.1 0.0
313.20000000000005 0.0
313.3 0.0
313.40000000000003 0.0
313.5 0.0
313.6 0.0
313.70000000000005 0.0
313.8 0.0
313.90000000000003 0.0
314.0 0.0
314.1 0.0
314.20000000000005 0.0
314.3 0.0
314.40000000000003 0.0
314.5 0.0
314.6 0.0
314.70000000000005 0.0
314.8 0.0
314.90000000000003 0.0
315.0 0.0
315.1 0.0
315.20000000000005 0.0
315.3 0.0
315.40000000000003 0.0
315.5 0.0
315.6 0.0
315.70000000000005 0.0
315.8 0.0
315.90000000000003 0.0
316.0 0.0
316.1 0.0
316.20000000000005 0.0
316.3 0.0
316.40000000000003 0.0
316.5 0.0
316.6 0.0
316.70000000000005 0.0
316.8 0.0
316.90000000000003 0.0
317.0 0.0
317.1 0.0
317.20000000000005 0.0
317.3 0.0
317.40000000000003 0.0
317.5 0.0
317.6 0.0
317.70000000000005 0.0
317.8 0.0
317.90000000000003 0.0
318.0 0.0
318.1 0.0
318.20000000000005 0.0
318.3 0.0
318.40000000000003 0.0
318.5 0.0
318.6 0.0
318.70000000000005 0.0
318.8 0.0
318.90000000000003 0.0
319.0 0.0
319.1 0.0
319.20000000000005 0.0
319.3 0.0
319.40000000000003 0.0
319.5 0.0
319.6 0.0
319.70000000000005 0.0
319.8 0.0
319.90000000000003 0.0
320.0 0.0
320.1 0.0
320.20000000000005 0.0
320.3 0.0
320.40000000000003 0.0
320.5 0.0
320.6 0.0
320.70000000000005 0.0
320.8 0.0
320.90000000000003 0.0
321.0 0.0
321.1 0.0
321.20000000000005 0.0
321.3 0.0
321.40000000000003 0.0
321.5 0.0
321.6 0.0
321.70000000000005 0.0
321.8 0.0
321.90000000000003 0.0
322.0 0.0
322.1 0.0
322.20000000000005 0.0
322.3 0.0
322.40000000000003 0.0
322.5 0.0
322.6 0.0
322.70000000000005 0.0
322.8 0.0
322.90000000000003 0.0
323.0 0.0
323.1 0.0
323.20000000000005 0.0
323.3 0.0
323.40000000000003 0.0
323.5 0.0
323.6 0.0
323.70000000000005 0.0
323.8 0.0
323.90000000000003 0.0
324.0 0.0
324.1 0.0
324.20000000000005 0.0
324.3 0.0
324.40000000000003 0.0
324.5 0.0
324.6 0.0
324.70000000000005 0.0
324.8 0.0
324.90000000000003 0.0
325.0 0.0
325.1 0.0
325.20000000000005 0.0
325.3 0.0
325.40000000000003 0.0
325.5 0.0
325.6 0.0
325.70000000000005 0.0
325.8 0.0
325.90000000000003 0.0
326.0 0.0
326.1 0.0
326.20000000000005 0.0
326.3 0.0
326.40000000000003 0.0
326.5 0.0
326.6 0.0
326.70000000000005 0.0
326.8 0.0
326.90000000000003 0.0
327.0 0.0
327.1 0.0
327.20000000000005 0.0
327.3 0.0
327.40000000000003 0.0
327.5 0.0
327.6 0.0
327.70000000000005 0.0
327.8 0.0
327.90000000000003 0.0
328.0 0.0
328.1 0.0
328.20000000000005 0.0
328.3 0.0
328.40000000000003 0.0
328.5 0.0
328.6 0.0
328.70000000000005 0.0
328.8 0.0
328.90000000000003 0.0
329.0 0.0
329.1 0.0
329.20000000000005 0.0
329.3 0.0
329.40000000000003 0.0
329.5 0.0
329.6 0.0
329.70000000000005 0.0
329.8 0.0
329.90000000000003 0.0
330.0 0.0
330.1 0.0
330.20000000000005 0.0
330.3 0.0
330.40000000000003 0.0
330.5 0.0
330.6 0.0
330.70000000000005 0.0
330.8 0.0
330.90000000000003 0.0
331.0 0.0
331.1 0.0
331.20000000000005 0.0
331.3 0.0
331.40000000000003 0.0
331.5 0.0
331.6 0.0
331.70000000000005 0.0
331.8 0.0
331.90000000000003 0.0
332.0 0.0
332.1 0.0
332.20000000000005 0.0
332.3 0.0
332.40000000000003 0.0
332.5 0.0
332.6 0.0
332.70000000000005 0.0
332.8 0.0
332.90000000000003 0.0
333.0 0.0
333.1 0.0
333.20000000000005 0.0
333.3 0.0
333.40000000000003 0.0
333.5 0.0
333.6 0.0
333.70000000000005 0.0
333.8 0.0
333.90000000000003 0.0
334.0 0.0
334.1 0.0
334.20000000000005 0.0
334.3 0.0
334.40000000000003 0.0
334.5 0.0
334.6 0.0
334.70000000000005 0.0
334.8 0.0
334.90000000000003 0.0
335.0 0.0
335.1 0.0
335.20000000000005 0.0
335.3 0.0
335.40000000000003 0.0
335.5 0.0
335.6 0.0
335.70000000000005 0.0
335.8 0.0
335.90000000000003 0.0
336.0 0.0
336.1 0.0
336.20000000000005 0.0
336.3 0.0
336.40000000000003 0.0
336.5 0.0
336.6 0.0
336.70000000000005 0.0
336.8 0.0
336.90000000000003 0.0
337.0 0.0
337.1 0.0
337.20000000000005 0.0
337.3 0.0
337.40000000000003 0.0
337.5 0.0
337.6 0.0
337.70000000000005 0.0
337.8 0.0
337.90000000000003 0.0
338.0 0.0
338.1 0.0
338.20000000000005 0.0
338.3 0.0
338.40000000000003 0.0
338.5 0.0
338.6 0.0
338.70000000000005 0.0
338.8 0.0
338.90000000000003 0.0
339.0 0.0
339.1 0.0
339.20000000000005 0.0
339.3 0.0
339.40000000000003 0.0
339.5 0.0
339.6 0.0
339.70000000000005 0.0
339.8 0.0
339.90000000000003 0.0
340.0 0.0
340.1 0.0
340.20000000000005 0.0
340.3 0.0
