wavelength transmission
115.0 0.0
116.0 0.0
116.2 0.0
116.30000000000001 0.0
116.4 0.0
116.5 0.0
116.60000000000001 0.0
116.7 0.0
116.80000000000001 0.0
116.9 0.0
117.0 0.0
117.10000000000001 0.0
117.2 0.0
117.30000000000001 0.0
117.4 0.0
117.5 0.0
117.60000000000001 0.0
117.7 0.0
117.80000000000001 0.0
117.9 0.0
118.0 0.0
118.10000000000001 0.0
118.2 0.0
118.30000000000001 0.0
118.4 0.0
118.5 0.0
118.60000000000001 0.0
118.7 0.0
118.80000000000001 0.0
118.9 0.0
119.0 0.0
119.10000000000001 0.0
119.2 0.0
119.30000000000001 0.0
119.4 0.0
119.5 0.0
119.60000000000001 0.0
119.7 0.0
119.80000000000001 0.0
119.9 0.0
120.0 0.0
120.10000000000001 0.0
120.2 0.0
120.30000000000001 0.0
120.4 0.0
120.5 0.0
120.60000000000001 0.0
120.7 0.0
120.80000000000001 0.0
120.9 0.0
121.0 0.0
121.10000000000001 0.0
121.2 0.0
121.30000000000001 0.0
121.4 0.0
121.5 0.0
121.60000000000001 0.0
121.7 0.0
121.80000000000001 0.0
121.9 0.0
122.0 0.0
122.10000000000001 0.0
122.2 0.0
122.30000000000001 0.0
122.4 0.0
122.5 0.0
122.60000000000001 0.0
122.7 0.0
122.80000000000001 0.0
122.9 0.0
123.0 0.0
123.10000000000001 0.0
123.2 0.0
123.30000000000001 0.0
123.4 0.0
123.5 0.0
123.60000000000001 0.0
123.7 0.0
123.80000000000001 0.0
123.9 0.0
124.0 0.0
124.10000000000001 0.0
124.2 0.0
124.30000000000001 0.0
124.4 0.0
124.5 0.0
124.60000000000001 0.0
124.7 0.0
124.80000000000001 0.0
124.9 0.0
125.0 0.0
125.10000000000001 0.0
125.2 0.0
125.30000000000001 0.0
125.4 0.0
125.5 0.0
125.60000000000001 0.0
125.7 0.0
125.80000000000001 0.0
125.9 0.0
126.0 0.0
126.10000000000001 0.0
126.2 0.0
126.30000000000001 0.0
126.4 0.0
126.5 0.0
126.60000000000001 0.0
126.7 0.0
126.80000000000001 0.0
126.9 0.0
127.0 0.0
127.10000000000001 0.0
127.2 0.0
127.30000000000001 0.0
127.4 0.0
127.5 0.0
127.60000000000001 0.0
127.7 0.0
127.80000000000001 0.0
127.9 0.0
128.0 0.0
128.1 0.0
128.20000000000002 0.0
128.3 0.0
128.4 0.0
128.5 0.0
128.6 0.0
128.70000000000002 0.0
128.8 0.0
128.9 0.0
129.0 0.0
129.1 0.0
129.20000000000002 0.0
129.3 0.0
129.4 0.0
129.5 0.0
129.6 0.0
129.70000000000002 0.0
129.8 0.0
129.9 0.0
130.0 0.0
130.1 0.0
130.20000000000002 0.0
130.3 0.0
130.4 0.0
130.5 0.0
130.6 0.0
130.70000000000002 0.0
130.8 0.0
130.9 0.0
131.0 0.0
131.1 0.0
131.20000000000002 0.0
131.3 0.0
131.4 0.0
131.5 0.0
131.6 0.0
131.70000000000002 0.0
131.8 0.0
131.9 0.0
132.0 0.0
132.1 0.0
132.20000000000002 0.0
132.3 0.0
132.4 0.0
132.5 0.0
132.6 0.0
132.70000000000002 0.0
132.8 0.0
132.9 0.0
133.0 0.0
133.1 0.0
133.20000000000002 0.0
133.3 0.0
133.4 0.0
133.5 0.0
133.6 0.0
133.70000000000002 0.0
133.8 0.0
133.9 0.0
134.0 0.0
134.1 0.0
134.20000000000002 0.0
134.3 0.0
134.4 0.0
134.5 0.0
134.6 0.0
134.70000000000002 0.0
134.8 0.0
134.9 0.0
135.0 0.0
135.1 0.0
135.20000000000002 0.0
135.3 0.0
135.4 0.0
135.5 0.0
135.6 0.0
135.70000000000002 0.0
135.8 0.0
135.9 0.0
136.0 0.0
136.1 0.0
136.20000000000002 0.0
136.3 0.0
136.4 0.0
136.5 0.0
136.6 0.0
136.70000000000002 0.0
136.8 0.0
136.9 0.0
137.0 0.0
137.1 0.0
137.20000000000002 0.0
137.3 0.0
137.4 0.0
137.5 0.0
137.6 0.0
137.70000000000002 0.0
137.8 0.0
137.9 0.0
138.0 0.0
138.1 0.0
138.20000000000002 0.0
138.3 0.0
138.4 0.0
138.5 0.0
138.6 0.0
138.70000000000002 0.0
138.8 0.0
138.9 0.0
139.0 0.0
139.1 0.0
139.20000000000002 0.0
139.3 0.0
139.4 0.0
139.5 0.0
139.6 0.0
139.70000000000002 0.0
139.8 0.0
139.9 0.0
140.0 0.0
140.1 0.0
140.20000000000002 0.0
140.3 0.0
140.4 0.0
140.5 0.0
140.6 0.0
140.70000000000002 0.0
140.8 0.0
140.9 0.0
141.0 0.0
141.1 0.0
141.20000000000002 0.0
141.3 0.0
141.4 0.0
141.5 0.0
141.6 0.0
141.70000000000002 0.0
141.8 0.0
141.9 0.0
142.0 0.000671271
142.1 0.000680633
142.20000000000002 0.000689896
142.3 0.000699506
142.4 0.000708582
142.5 0.000717562
142.6 0.00072691
142.70000000000002 0.000735704
142.8 0.000744401
142.9 0.000753489
143.0 0.000762003
143.1 0.000738106
143.20000000000002 0.000713905
143.3 0.000689893
143.4 0.000666507
143.5 0.000642859
143.6 0.000619806
143.70000000000002 0.000596519
143.8 0.000573418
143.9 0.00055087
144.0 0.000528127
144.1 0.000519967
144.20000000000002 0.000511514
144.3 0.000503461
144.4 0.000495123
144.5 0.000486845
144.6 0.000478952
144.70000000000002 0.000470787
144.8 0.000462998
144.9 0.000454947
145.0 0.000446955
145.1 0.000698696
145.20000000000002 0.000947784
145.3 0.00119536
145.4 0.00143996
145.5 0.0016834
145.6 0.00192352
145.70000000000002 0.00216286
145.8 0.00239854
145.9 0.00263379
146.0 0.00286506
146.1 0.00497609
146.20000000000002 0.00706477
146.3 0.00913974
146.4 0.0111895
146.5 0.0132191
146.6 0.0152397
146.70000000000002 0.0172307
146.8 0.0192158
146.9 0.0211685
147.0 0.0231184
147.1 0.0244676
147.20000000000002 0.0258217
147.3 0.0271435
147.4 0.0284722
147.5 0.0297667
147.6 0.0310704
147.70000000000002 0.0323377
147.8 0.0336164
147.9 0.0348568
148.0 0.0361107
148.1 0.0364913
148.20000000000002 0.0368394
148.3 0.0372109
148.4 0.0375491
148.5 0.0379116
148.6 0.03824
148.70000000000002 0.0385935
148.8 0.0389123
148.9 0.0392568
149.0 0.039597
149.1 0.0395233
149.20000000000002 0.0394799
149.3 0.0394043
149.4 0.0393591
149.5 0.0392817
149.6 0.0392348
149.70000000000002 0.0391555
149.8 0.0391069
149.9 0.0390574
150.0 0.03885244
150.1 0.03869549
150.20000000000002 0.038507334
150.3 0.038350774000000004
150.4 0.038194509
150.5 0.038006937000000005
150.6 0.037851062000000005
150.70000000000002 0.037695282000000004
150.8 0.037508394
150.9 0.037353104
151.0 0.037166504999999996
151.1 0.037064212
151.20000000000002 0.036961512999999994
151.3 0.036827004
151.4 0.036723595
151.5 0.036619882000000006
151.6 0.036484356999999995
151.70000000000002 0.036379934
151.8 0.036243698
151.9 0.036138565
152.0 0.036033127
152.1 0.035869978999999996
152.20000000000002 0.035738334999999996
152.3 0.035606487
152.4 0.035443223
152.5 0.035311265200000004
152.6 0.0351794023
152.70000000000002 0.035015923
152.8 0.0348838504
152.9 0.0347517732
153.0 0.034588178399999996
153.1 0.034455093799999996
153.20000000000002 0.0343221046
153.3 0.0341889109
153.4 0.0340242978
153.5 0.0338911945
153.60000000000002 0.033757886599999995
153.70000000000002 0.0335932582
153.8 0.0334599408
153.9 0.033326619
154.0 0.0331932926
154.10000000000002 0.0330281448
154.20000000000002 0.0328945097
154.3 0.0327608701
154.4 0.0325957073
154.5 0.032461958400000004
154.60000000000002 0.0323282052
154.70000000000002 0.032194447599999995
154.8 0.032029265099999996
154.9 0.031895398299999995
155.0 0.0317616272
155.10000000000002 0.031592050899999995
155.20000000000002 0.0313916481
155.3 0.0312229628
155.4 0.0310545732
155.5 0.030880394699999997
155.60000000000002 0.0307066117
155.70000000000002 0.0305332244
155.8 0.0303602327
155.9 0.0301908291
156.0 0.030018628699999998
156.10000000000002 0.029847621999999997
156.20000000000002 0.029677111
156.3 0.0295068957
156.4 0.0293370761
156.5 0.0291707451
156.60000000000002 0.0290017171
156.70000000000002 0.0288330849
156.8 0.0286648485
156.9 0.028497008
157.0 0.0283295633
157.10000000000002 0.0281668043
157.20000000000002 0.0280013483
157.3 0.0278363882
157.4 0.0276717241
157.5 0.027507355900000002
157.60000000000002 0.027349569999999997
157.70000000000002 0.027188987
157.8 0.027028800199999998
157.9 0.0268720026
158.0 0.026712508
158.10000000000002 0.026558098899999997
158.20000000000002 0.0264010928
158.3 0.0262443829
158.4 0.0260909626
158.5 0.0259349452
158.60000000000002 0.025779224
158.70000000000002 0.025626892600000003
158.8 0.025471864
158.9 0.0253201253
159.0 0.025165789299999998
159.10000000000002 0.0249965884
159.20000000000002 0.0248308914
159.3 0.024662816
159.4 0.024498139000000002
159.5 0.024331086000000002
159.60000000000002 0.024164543
159.70000000000002 0.024001491
159.8 0.023836066
159.9 0.023674026
160.0 0.023509516
160.10000000000002 0.02331221
160.20000000000002 0.023115895
160.3 0.022920671
160.4 0.022726333999999997
160.5 0.022532882
160.60000000000002 0.022340513
160.70000000000002 0.022146293
160.8 0.021955890999999998
160.9 0.021767243
161.0 0.021579567
161.10000000000002 0.021314623
161.20000000000002 0.021051754
161.3 0.02079065
161.4 0.02053152
161.5 0.02027435
161.60000000000002 0.02001903
161.70000000000002 0.01976556
161.8 0.01951404
161.9 0.019261680000000003
162.0 0.01901395
162.10000000000002 0.018710030000000002
162.20000000000002 0.01840868
162.3 0.01810991
162.4 0.01781359
162.5 0.01751993
162.60000000000002 0.01723374
162.70000000000002 0.0169499
162.8 0.01666613
162.9 0.016387279999999997
163.0 0.016110760000000002
163.10000000000002 0.01577497
163.20000000000002 0.01544011
163.3 0.01511069
163.4 0.01478434
163.5 0.014461030000000001
163.60000000000002 0.01414087
163.70000000000002 0.013821669999999998
163.8 0.01350771
163.9 0.013196780000000002
164.0 0.012888859999999999
164.10000000000002 0.01257232
164.20000000000002 0.012260759999999999
164.3 0.01195228
164.4 0.011646979999999998
164.5 0.011344649999999998
164.60000000000002 0.01104363
164.70000000000002 0.010747570000000001
164.8 0.01045447
164.9 0.010164409999999999
165.0 0.009877509999999999
165.10000000000002 0.0096287
165.20000000000002 0.00938392
165.3 0.00914144
165.4 0.00890144
165.5 0.008663829999999999
165.60000000000002 0.0084285
165.70000000000002 0.008195550000000001
165.8 0.007964960000000002
165.9 0.007736749999999999
166.0 0.007510909999999999
166.10000000000002 0.00732182
166.20000000000002 0.007134630000000001
166.3 0.006949219999999999
166.4 0.0067656999999999995
166.5 0.006584060000000001
166.60000000000002 0.006404189999999999
166.70000000000002 0.00622611
166.8 0.00604991
166.9 0.00587558
167.0 0.00570302
167.10000000000002 0.0055331700000000004
167.20000000000002 0.005365159999999999
167.3 0.0051988
167.4 0.00503428
167.5 0.004871499999999999
167.60000000000002 0.004713199999999999
167.70000000000002 0.00455561
167.8 0.0044005
167.9 0.0042463
168.0 0.004094500000000001
168.10000000000002 0.0039836
168.20000000000002 0.003873099999999999
168.3 0.0037643999999999993
168.4 0.0036561000000000007
168.5 0.0035496999999999994
168.60000000000002 0.0034436
168.70000000000002 0.0033391999999999988
168.8 0.0032359999999999993
168.9 0.003133199999999999
169.0 0.003032100000000001
169.10000000000002 0.0029318
169.20000000000002 0.0028333000000000004
169.3 0.0027352
169.4 0.0026388
169.5 0.002543400000000001
169.60000000000002 0.0024484999999999993
169.70000000000002 0.002355099999999999
169.8 0.0022623999999999995
169.9 0.002171300000000001
170.0 0.0020806999999999996
170.10000000000002 0.0020415
170.20000000000002 0.0020021000000000014
170.3 0.0019635
170.4 0.0019249000000000002
170.5 0.001886500000000001
170.60000000000002 0.0018488000000000011
170.70000000000002 0.0018112000000000007
170.8 0.0017742999999999995
170.9 0.0017371999999999995
171.0 0.0017004999999999989
171.10000000000002 0.0016647999999999993
171.20000000000002 0.001628899999999999
171.3 0.0015937199999999999
171.4 0.0015585800000000004
171.5 0.0015236199999999998
171.60000000000002 0.0014895000000000012
171.70000000000002 0.0014553099999999996
171.8 0.0014217399999999995
171.9 0.0013882300000000007
172.0 0.0013553200000000001
172.10000000000002 0.0013225299999999988
172.20000000000002 0.0012900399999999992
172.3 0.001258239999999999
172.4 0.0012264400000000005
172.5 0.0011953099999999998
172.60000000000002 0.0011651199999999987
172.70000000000002 0.0011351800000000013
172.8 0.00110561
172.9 0.0010762899999999988
173.0 0.0010475700000000011
173.10000000000002 0.0010189199999999995
173.20000000000002 0.0009905400000000016
173.3 0.0009624100000000003
173.4 0.0009346599999999986
173.5 0.0009074499999999989
173.60000000000002 0.000880269999999999
173.70000000000002 0.0008533900000000007
173.8 0.000826809999999999
173.9 0.0008007599999999993
174.0 0.0007747699999999993
174.10000000000002 0.000749119999999999
174.20000000000002 0.0007237600000000004
174.3 0.0006986900000000001
174.4 0.0006741400000000002
174.5 0.0006496799999999997
174.60000000000002 0.000625510000000001
174.70000000000002 0.0006016500000000004
174.8 0.0005780999999999998
174.9 0.0005550199999999998
175.0 0.0005320599999999991
175.10000000000002 0.0005270500000000011
175.20000000000002 0.0005222200000000003
175.3 0.0005174099999999994
175.4 0.0005124499999999994
175.5 0.0005076799999999999
175.60000000000002 0.0005029199999999987
175.70000000000002 0.0004980200000000001
175.8 0.0004933000000000003
175.9 0.0004884299999999998
176.0 0.0004837499999999998
176.10000000000002 0.00047909999999999967
176.20000000000002 0.0004742899999999996
176.3 0.00046968000000000096
176.4 0.00046489999999999986
176.5 0.0004603199999999993
176.60000000000002 0.00045576000000000037
176.70000000000002 0.0004510500000000006
176.8 0.00044651999999999973
176.9 0.0004418499999999997
177.0 0.00043736000000000035
177.10000000000002 0.00043289999999999995
177.20000000000002 0.00042829000000000044
177.3 0.0004238499999999999
177.4 0.00041945000000000003
177.5 0.00041490000000000016
177.60000000000002 0.0004109999999999999
177.70000000000002 0.0004069600000000005
177.8 0.0004031
177.9 0.00039924000000000036
178.0 0.00039524999999999977
178.10000000000002 0.0003914499999999998
178.20000000000002 0.0003874899999999999
178.3 0.0003837099999999998
178.4 0.0003797900000000005
178.5 0.00037603999999999936
178.60000000000002 0.00037230999999999983
178.70000000000002 0.00036844000000000026
178.8 0.0003647300000000006
178.9 0.00036089
179.0 0.0003572200000000001
179.10000000000002 0.00035356000000000016
179.20000000000002 0.00034978000000000006
179.3 0.0003461699999999998
179.4 0.0003424099999999996
179.5 0.0003388200000000001
179.60000000000002 0.0003352600000000004
179.70000000000002 0.00033155000000000077
179.8 0.00032800999999999924
179.9 0.00032435000000000016
180.0 0.0003208400000000002
180.10000000000002 0.00031871999999999977
180.20000000000002 0.00031659999999999935
180.3 0.00031446999999999985
180.4 0.0003122000000000003
180.5 0.0003100799999999999
180.60000000000002 0.00030794999999999954
180.70000000000002 0.00030583999999999993
180.8 0.0003037200000000004
180.9 0.00030159999999999996
181.0 0.00029947999999999954
181.10000000000002 0.0002973699999999999
181.20000000000002 0.00029511000000000034
181.3 0.0002930000000000007
181.4 0.00029089000000000025
181.5 0.00028877999999999977
181.60000000000002 0.00028667000000000015
181.70000000000002 0.0002845599999999997
181.8 0.00028246
181.9 0.0002803500000000004
182.0 0.0002780999999999999
182.10000000000002 0.00027599000000000026
182.20000000000002 0.00027390000000000053
182.3 0.00027179000000000005
182.4 0.0002697000000000003
182.5 0.00026760000000000065
182.60000000000002 0.0002656399999999993
182.70000000000002 0.00026369000000000045
182.8 0.0002617399999999999
182.9 0.0002597899999999993
183.0 0.0002578400000000005
183.10000000000002 0.00025588999999999994
183.20000000000002 0.0002539399999999994
183.3 0.0002519899999999997
183.4 0.0002500499999999999
183.5 0.00024811000000000017
183.60000000000002 0.0002461700000000004
183.70000000000002 0.00024421999999999985
183.8 0.0002422800000000001
183.9 0.0002403300000000004
184.0 0.00023838999999999978
184.10000000000002 0.00023645999999999997
184.20000000000002 0.00023453000000000016
184.3 0.00023259999999999947
184.4 0.00023065999999999972
184.5 0.00022873000000000077
184.60000000000002 0.0002268000000000001
184.70000000000002 0.00022486000000000034
184.8 0.00022292999999999966
184.9 0.00022099999999999984
185.0 0.00021907000000000003
185.10000000000002 0.00021665000000000052
185.20000000000002 0.00021425999999999997
185.3 0.00021184999999999954
185.4 0.0002094699999999998
185.5 0.00020709000000000005
185.60000000000002 0.0002047300000000002
185.70000000000002 0.0002023799999999994
185.8 0.00020002999999999948
185.9 0.00019769999999999944
186.0 0.00019537000000000027
186.10000000000002 0.0001930600000000001
186.20000000000002 0.00019076000000000076
186.3 0.00018846000000000054
186.4 0.00018617999999999933
186.5 0.0001839099999999998
186.60000000000002 0.00018164999999999935
186.70000000000002 0.00017940000000000057
186.8 0.00017716
186.9 0.0001747999999999997
187.0 0.00017257000000000036
187.10000000000002 0.00017036000000000004
187.20000000000002 0.0001681699999999996
187.3 0.00016598999999999954
187.4 0.00016379999999999997
187.5 0.0001616399999999998
187.60000000000002 0.00015962000000000007
187.70000000000002 0.00015759999999999993
187.8 0.00015559999999999966
187.9 0.00015347000000000017
188.0 0.00015147999999999984
188.10000000000002 0.00014950999999999983
188.20000000000002 0.00014753999999999982
188.3 0.00014560000000000007
188.4 0.00014352000000000028
188.5 0.0001415800000000001
188.60000000000002 0.00013965999999999978
188.70000000000002 0.00013774999999999985
188.8 0.00013583999999999992
188.9 0.0001338200000000002
189.0 0.0001319400000000001
189.10000000000002 0.00013005999999999998
189.20000000000002 0.0001282000000000002
189.3 0.00012622000000000024
189.4 0.0001243799999999999
189.5 0.00012253999999999998
189.60000000000002 0.00012071999999999994
189.70000000000002 0.00011884999999999977
189.8 0.00011703000000000017
189.9 0.00011522000000000008
190.0 0.00011340000000000005
190.10000000000002 0.00011196999999999986
190.20000000000002 0.00011056
190.3 0.00010912999999999982
190.4 0.00010771999999999995
190.5 0.00010630999999999965
190.60000000000002 0.00010490000000000022
190.70000000000002 0.00010349999999999986
190.8 0.00010209
190.9 0.00010070000000000001
191.0 9.929999999999965e-05
191.10000000000002 9.792000000000004e-05
191.20000000000002 9.653000000000005e-05
191.3 9.513999999999963e-05
191.4 9.376999999999996e-05
191.5 9.24000000000003e-05
191.60000000000002 9.101999999999982e-05
191.70000000000002 8.966000000000009e-05
191.8 8.828999999999998e-05
191.9 8.692999999999982e-05
192.0 8.557000000000009e-05
192.10000000000002 8.422999999999981e-05
192.20000000000002 8.287000000000008e-05
192.3 8.153999999999974e-05
192.4 8.020000000000032e-05
192.5 7.886000000000004e-05
192.60000000000002 7.758000000000027e-05
192.70000000000002 7.631e-05
192.8 7.504999999999968e-05
192.9 7.378000000000029e-05
193.0 7.251999999999996e-05
193.10000000000002 7.126000000000007e-05
193.20000000000002 7.000999999999991e-05
193.3 6.875999999999996e-05
193.4 6.751000000000001e-05
193.5 6.627999999999994e-05
193.60000000000002 6.502999999999999e-05
193.70000000000002 6.380999999999987e-05
193.8 6.258000000000001e-05
193.9 6.134e-05
194.0 6.011999999999988e-05
194.10000000000002 5.889999999999997e-05
194.20000000000002 5.769999999999994e-05
194.3 5.648000000000003e-05
194.4 5.528e-05
194.5 5.407000000000003e-05
194.60000000000002 5.285999999999984e-05
194.70000000000002 5.166999999999997e-05
194.8 5.047999999999988e-05
194.9 4.929999999999995e-05
195.0 4.8119999999999804e-05
195.10000000000002 4.707999999999991e-05
195.20000000000002 4.6059999999999894e-05
195.3 4.503999999999988e-05
195.4 4.4009999999999926e-05
195.5 4.297000000000003e-05
195.60000000000002 4.1940000000000076e-05
195.70000000000002 4.0909999999999905e-05
195.8 3.987000000000001e-05
195.9 3.8840000000000055e-05
196.0 3.779e-05
196.10000000000002 3.676000000000005e-05
196.20000000000002 3.5719999999999936e-05
196.3 3.466999999999988e-05
196.4 3.362199999999997e-05
196.5 3.2576999999999997e-05
196.60000000000002 3.153100000000001e-05
196.70000000000002 3.0482999999999986e-05
196.8 2.943399999999995e-05
196.9 2.838500000000002e-05
197.0 2.733400000000006e-05
197.10000000000002 2.6282999999999992e-05
197.20000000000002 2.5219000000000044e-05
197.3 2.4165999999999944e-05
197.4 2.311100000000003e-05
197.5 2.2079000000000044e-05
197.60000000000002 2.122000000000007e-05
197.70000000000002 2.0372000000000055e-05
197.8 1.952399999999993e-05
197.9 1.8684999999999947e-05
198.0 1.7835000000000008e-05
198.10000000000002 1.698299999999993e-05
198.20000000000002 1.614300000000004e-05
198.3 1.5289999999999998e-05
198.4 1.4447999999999967e-05
198.5 1.359400000000002e-05
198.60000000000002 1.2739999999999963e-05
198.70000000000002 1.189600000000001e-05
198.8 1.103899999999996e-05
198.9 1.0185999999999973e-05
199.0 9.334000000000002e-06
199.10000000000002 8.478999999999984e-06
199.20000000000002 7.623999999999993e-06
199.3 6.768999999999975e-06
199.4 5.912999999999996e-06
199.5 5.055000000000012e-06
199.60000000000002 4.196999999999987e-06
199.70000000000002 3.339699999999998e-06
199.8 2.1572999999999937e-06
199.9 1.8821000000000002e-06
200.0 1.8495000000000032e-06
200.10000000000002 1.822899999999999e-06
200.20000000000002 1.7972000000000037e-06
200.3 1.7712999999999944e-06
200.4 1.745599999999999e-06
200.5 1.7206999999999986e-06
200.60000000000002 1.6946999999999958e-06
200.70000000000002 1.6697999999999954e-06
200.8 1.6447000000000014e-06
200.9 1.6197000000000008e-06
201.0 1.595500000000002e-06
201.10000000000002 1.5722999999999985e-06
201.20000000000002 1.550100000000004e-06
201.3 1.5287000000000045e-06
201.4 1.5063999999999963e-06
201.5 1.4840000000000014e-06
201.60000000000002 1.4605999999999975e-06
201.70000000000002 1.4371000000000002e-06
201.8 1.414600000000005e-06
201.9 1.391100000000001e-06
202.0 1.3685000000000056e-06
202.10000000000002 1.3499000000000055e-06
202.20000000000002 1.3311999999999984e-06
202.3 1.3134e-06
202.4 1.2945999999999994e-06
202.5 1.2768999999999945e-06
202.60000000000002 1.258999999999996e-06
202.70000000000002 1.2421999999999997e-06
202.8 1.2253000000000033e-06
202.9 1.2093999999999956e-06
203.0 1.192399999999999e-06
203.10000000000002 1.1763000000000043e-06
203.20000000000002 1.1602999999999963e-06
203.3 1.144300000000002e-06
203.4 1.129199999999996e-06
203.5 1.1131000000000013e-06
203.60000000000002 1.0998999999999994e-06
203.70000000000002 1.0867999999999978e-06
203.8 1.073700000000003e-06
203.9 1.0604000000000009e-06
204.0 1.047199999999999e-06
204.10000000000002 1.0339999999999972e-06
204.20000000000002 1.0206999999999985e-06
204.3 1.006800000000002e-06
204.4 9.932999999999995e-07
204.5 9.800000000000008e-07
204.60000000000002 9.694000000000013e-07
204.70000000000002 9.59099999999999e-07
204.8 9.489000000000004e-07
204.9 9.386999999999983e-07
205.0 9.283999999999994e-07
205.10000000000002 9.179000000000001e-07
205.20000000000002 9.07500000000001e-07
205.3 8.970000000000017e-07
205.4 8.865999999999993e-07
205.5 8.765000000000008e-07
205.60000000000002 8.686999999999973e-07
205.70000000000002 8.613999999999982e-07
205.8 8.541000000000025e-07
205.9 8.468000000000001e-07
206.0 8.39500000000001e-07
206.10000000000002 8.32200000000002e-07
206.20000000000002 8.248999999999995e-07
206.3 8.177000000000007e-07
206.4 8.103999999999982e-07
206.5 8.02599999999998e-07
206.60000000000002 7.918999999999983e-07
206.70000000000002 7.807000000000008e-07
206.8 7.696000000000002e-07
206.9 7.583999999999994e-07
207.0 7.475999999999994e-07
207.10000000000002 7.425999999999986e-07
207.20000000000002 7.378999999999985e-07
207.3 7.331999999999983e-07
207.4 7.286000000000018e-07
207.5 7.242999999999991e-07
207.60000000000002 7.223000000000015e-07
207.70000000000002 7.206000000000012e-07
207.8 7.190000000000011e-07
207.9 7.172000000000005e-07
208.0 7.148999999999989e-07
208.10000000000002 7.047000000000002e-07
208.20000000000002 6.936999999999998e-07
208.3 6.827999999999996e-07
208.4 6.717999999999992e-07
208.5 6.619000000000012e-07
208.60000000000002 6.58700000000001e-07
208.70000000000002 6.564999999999996e-07
208.8 6.542999999999981e-07
208.9 6.521000000000001e-07
209.0 6.498999999999986e-07
209.10000000000002 6.466000000000016e-07
209.20000000000002 6.433000000000011e-07
209.3 6.398000000000002e-07
209.4 6.364999999999998e-07
209.5 6.331999999999993e-07
209.60000000000002 6.297000000000018e-07
209.70000000000002 6.263999999999979e-07
209.8 6.230000000000006e-07
209.9 6.196e-07
210.0 6.166000000000002e-07
210.10000000000002 6.162999999999995e-07
210.20000000000002 6.166000000000002e-07
210.3 6.16699999999997e-07
210.4 6.17000000000001e-07
210.5 6.17000000000001e-07
210.60000000000002 6.15599999999998e-07
210.70000000000002 6.142000000000017e-07
210.8 6.126999999999984e-07
210.9 6.111000000000017e-07
211.0 6.096999999999986e-07
211.10000000000002 6.088e-07
211.20000000000002 6.081999999999987e-07
211.3 6.074000000000003e-07
211.4 6.06799999999999e-07
211.5 6.054999999999995e-07
211.60000000000002 6.012000000000003e-07
211.70000000000002 5.965000000000001e-07
211.8 5.916999999999998e-07
211.9 5.869999999999996e-07
212.0 5.831999999999981e-07
212.10000000000002 5.853000000000027e-07
212.20000000000002 5.883999999999993e-07
212.3 5.915999999999996e-07
212.4 5.946000000000027e-07
212.5 5.974999999999989e-07
212.60000000000002 5.957000000000018e-07
212.70000000000002 5.936000000000006e-07
212.8 5.914999999999993e-07
212.9 5.895000000000017e-07
213.0 5.874000000000005e-07
213.10000000000002 5.864999999999985e-07
213.20000000000002 5.857000000000002e-07
213.3 5.849000000000018e-07
213.4 5.841e-07
213.5 5.838000000000028e-07
213.60000000000002 5.858000000000004e-07
213.70000000000002 5.882999999999991e-07
213.8 5.909000000000014e-07
213.9 5.933999999999967e-07
214.0 5.95999999999999e-07
214.10000000000002 5.992999999999995e-07
214.20000000000002 6.026e-07
214.3 6.059999999999972e-07
214.4 6.092999999999977e-07
214.5 6.122000000000007e-07
214.60000000000002 6.133999999999999e-07
214.70000000000002 6.140999999999981e-07
214.8 6.147999999999996e-07
214.9 6.15599999999998e-07
215.0 6.164999999999999e-07
215.10000000000002 6.184999999999976e-07
215.20000000000002 6.205999999999988e-07
215.3 6.228000000000002e-07
215.4 6.249000000000014e-07
215.5 6.274000000000001e-07
215.60000000000002 6.306999999999972e-07
215.70000000000002 6.343999999999985e-07
215.8 6.378999999999994e-07
215.9 6.416000000000008e-07
216.0 6.446999999999974e-07
216.10000000000002 6.454000000000023e-07
216.20000000000002 6.455000000000025e-07
216.3 6.458000000000032e-07
216.4 6.460999999999971e-07
216.5 6.462999999999975e-07
216.60000000000002 6.46499999999998e-07
216.70000000000002 6.465999999999982e-07
216.8 6.468999999999988e-07
216.9 6.469999999999991e-07
217.0 6.471999999999995e-07
217.10000000000002 6.472999999999997e-07
217.20000000000002 6.475000000000002e-07
217.3 6.476000000000004e-07
217.4 6.477999999999974e-07
217.5 6.47900000000001e-07
217.60000000000002 6.47900000000001e-07
217.70000000000002 6.481999999999983e-07
217.8 6.483000000000019e-07
217.9 6.483999999999987e-07
218.0 6.48499999999999e-07
218.10000000000002 6.48499999999999e-07
218.20000000000002 6.485999999999992e-07
218.3 6.486000000000026e-07
218.4 6.486999999999994e-07
218.5 6.486999999999994e-07
218.60000000000002 6.487999999999996e-07
218.70000000000002 6.486999999999994e-07
218.8 6.48800000000003e-07
218.9 6.488999999999998e-07
219.0 6.488999999999998e-07
219.10000000000002 6.487999999999996e-07
219.20000000000002 6.489000000000032e-07
219.3 6.487999999999996e-07
219.4 6.487999999999996e-07
219.5 6.487999999999996e-07
219.60000000000002 6.486999999999994e-07
219.70000000000002 6.486000000000026e-07
219.8 6.485999999999992e-07
219.9 6.48499999999999e-07
220.0 6.48499999999999e-07
220.10000000000002 6.482999999999985e-07
220.20000000000002 6.483000000000019e-07
220.3 6.481000000000015e-07
220.4 6.479999999999979e-07
220.5 6.478000000000008e-07
220.60000000000002 6.478000000000008e-07
220.70000000000002 6.47599999999997e-07
220.8 6.476000000000004e-07
220.9 6.472999999999997e-07
221.0 6.471999999999995e-07
221.10000000000002 6.469999999999991e-07
221.20000000000002 6.467999999999986e-07
221.3 6.465999999999982e-07
221.4 6.464000000000011e-07
221.5 6.463000000000009e-07
221.60000000000002 6.460000000000003e-07
221.70000000000002 6.459e-07
221.8 6.456000000000028e-07
221.9 6.453999999999989e-07
222.0 6.452999999999987e-07
222.10000000000002 6.449000000000012e-07
222.20000000000002 6.446000000000006e-07
222.3 6.444000000000001e-07
222.4 6.441999999999997e-07
222.5 6.43899999999999e-07
222.60000000000002 6.436000000000018e-07
222.70000000000002 6.434000000000013e-07
222.8 6.430999999999973e-07
222.9 6.426999999999998e-07
223.0 6.424999999999994e-07
223.10000000000002 6.421999999999987e-07
223.20000000000002 6.419000000000014e-07
223.3 6.416000000000008e-07
223.4 6.411999999999999e-07
223.5 6.409000000000026e-07
223.60000000000002 6.405000000000017e-07
223.70000000000002 6.402999999999979e-07
223.8 6.399000000000004e-07
223.9 6.395999999999998e-07
224.0 6.392999999999991e-07
224.10000000000002 6.38799999999998e-07
224.20000000000002 6.384000000000005e-07
224.3 6.379999999999997e-07
224.4 6.377000000000024e-07
224.5 6.373000000000015e-07
224.60000000000002 6.368000000000004e-07
224.70000000000002 6.364000000000029e-07
224.8 6.36000000000002e-07
224.9 6.356000000000012e-07
225.0 6.351999999999969e-07
225.10000000000002 6.347999999999994e-07
225.20000000000002 6.343999999999985e-07
225.3 6.339000000000008e-07
225.4 6.333999999999997e-07
225.5 6.328999999999986e-07
225.60000000000002 6.325000000000011e-07
225.70000000000002 6.32e-07
225.8 6.31499999999999e-07
225.9 6.310999999999981e-07
226.0 6.307000000000006e-07
226.10000000000002 6.300999999999993e-07
226.20000000000002 6.296000000000016e-07
226.3 6.291000000000005e-07
226.4 6.286000000000028e-07
226.5 6.282000000000019e-07
226.60000000000002 6.276000000000006e-07
226.70000000000002 6.271000000000029e-07
226.8 6.265000000000015e-07
226.9 6.261000000000007e-07
227.0 6.254999999999993e-07
227.10000000000002 6.24899999999998e-07
227.20000000000002 6.244000000000003e-07
227.3 6.23799999999999e-07
227.4 6.232000000000011e-07
227.5 6.227e-07
227.60000000000002 6.220000000000018e-07
227.70000000000002 6.214999999999974e-07
227.8 6.208999999999994e-07
227.9 6.203000000000015e-07
228.0 6.198000000000004e-07
228.10000000000002 6.190999999999989e-07
228.20000000000002 6.185000000000009e-07
228.3 6.178999999999996e-07
228.4 6.173000000000017e-07
228.5 6.166000000000002e-07
228.60000000000002 6.160999999999991e-07
228.70000000000002 6.154000000000009e-07
228.8 6.147999999999996e-07
228.9 6.142000000000017e-07
229.0 6.136000000000004e-07
229.10000000000002 6.128999999999988e-07
229.20000000000002 6.123000000000009e-07
229.3 6.116999999999996e-07
229.4 6.110000000000014e-07
229.5 6.104000000000001e-07
229.60000000000002 6.096999999999986e-07
229.70000000000002 6.090000000000004e-07
229.8 6.083999999999991e-07
229.9 6.076000000000008e-07
230.0 6.069999999999994e-07
230.10000000000002 6.063000000000013e-07
230.20000000000002 6.055999999999998e-07
230.3 6.050999999999987e-07
230.4 6.042000000000001e-07
230.5 6.035999999999988e-07
230.60000000000002 6.029000000000006e-07
230.70000000000002 6.020999999999989e-07
230.8 6.015000000000009e-07
230.9 6.006999999999992e-07
231.0 6.00000000000001e-07
231.10000000000002 5.992999999999995e-07
231.20000000000002 5.98599999999998e-07
231.3 5.977000000000028e-07
231.4 5.971000000000014e-07
231.5 5.963999999999999e-07
231.60000000000002 5.956999999999984e-07
231.70000000000002 5.950000000000002e-07
231.8 5.942000000000019e-07
231.9 5.935000000000003e-07
232.0 5.925999999999984e-07
232.10000000000002 5.919000000000002e-07
232.20000000000002 5.911999999999987e-07
232.3 5.905000000000005e-07
232.4 5.895999999999986e-07
232.5 5.890000000000006e-07
232.60000000000002 5.882000000000023e-07
232.70000000000002 5.873000000000003e-07
232.8 5.864999999999985e-07
232.9 5.858000000000004e-07
233.0 5.848999999999984e-07
233.10000000000002 5.842000000000003e-07
233.20000000000002 5.833999999999985e-07
233.3 5.826000000000001e-07
233.4 5.818000000000018e-07
233.5 5.808999999999998e-07
233.60000000000002 5.802000000000017e-07
233.70000000000002 5.795000000000001e-07
233.8 5.786000000000015e-07
233.9 5.777999999999998e-07
234.0 5.770999999999983e-07
234.10000000000002 5.761999999999997e-07
234.20000000000002 5.754000000000013e-07
234.3 5.745999999999995e-07
234.4 5.73700000000001e-07
234.5 5.728999999999992e-07
234.60000000000002 5.720000000000006e-07
234.70000000000002 5.711999999999989e-07
234.8 5.703000000000003e-07
234.9 5.694999999999985e-07
235.0 5.685999999999999e-07
235.10000000000002 5.678999999999984e-07
235.20000000000002 5.669999999999998e-07
235.3 5.661999999999981e-07
235.4 5.652999999999995e-07
235.5 5.644999999999977e-07
235.60000000000002 5.636999999999994e-07
235.70000000000002 5.628000000000008e-07
235.8 5.618999999999988e-07
235.9 5.612000000000007e-07
236.0 5.603000000000021e-07
236.10000000000002 5.595000000000003e-07
236.20000000000002 5.585000000000015e-07
236.3 5.576999999999998e-07
236.4 5.568000000000012e-07
236.5 5.558999999999992e-07
236.60000000000002 5.550999999999974e-07
236.70000000000002 5.541999999999989e-07
236.8 5.533000000000003e-07
236.9 5.524000000000017e-07
237.0 5.515999999999999e-07
237.10000000000002 5.50699999999998e-07
237.20000000000002 5.497999999999994e-07
237.3 5.488999999999974e-07
237.4 5.479999999999988e-07
237.5 5.472000000000005e-07
237.60000000000002 5.463999999999987e-07
237.70000000000002 5.452999999999997e-07
237.8 5.444999999999979e-07
237.9 5.435999999999993e-07
238.0 5.427000000000008e-07
238.10000000000002 5.417999999999988e-07
238.20000000000002 5.40999999999997e-07
238.3 5.400000000000016e-07
238.4 5.391999999999999e-07
238.5 5.383000000000013e-07
238.60000000000002 5.373999999999993e-07
238.70000000000002 5.363999999999971e-07
238.8 5.355000000000019e-07
238.9 5.345999999999999e-07
239.0 5.337000000000013e-07
239.10000000000002 5.327999999999994e-07
239.20000000000002 5.318999999999974e-07
239.3 5.310000000000022e-07
239.4 5.302000000000004e-07
239.5 5.291000000000014e-07
239.60000000000002 5.282999999999997e-07
239.70000000000002 5.273999999999977e-07
239.8 5.264000000000023e-07
239.9 5.256000000000005e-07
240.0 5.246999999999986e-07
240.10000000000002 5.236999999999997e-07
240.20000000000002 5.226999999999976e-07
240.3 5.218000000000007e-07
240.4 5.209000000000021e-07
240.5 5.200000000000001e-07
240.60000000000002 5.191000000000015e-07
240.70000000000002 5.181999999999995e-07
240.8 5.17199999999999e-07
240.9 5.163000000000022e-07
241.0 5.154000000000002e-07
241.10000000000002 5.144999999999999e-07
241.20000000000002 5.135999999999979e-07
241.3 5.126999999999993e-07
241.4 5.117000000000005e-07
241.5 5.107e-07
241.60000000000002 5.096999999999978e-07
241.70000000000002 5.087999999999993e-07
241.8 5.079000000000007e-07
241.9 5.069999999999987e-07
242.0 5.061000000000001e-07
242.10000000000002 5.051999999999998e-07
242.20000000000002 5.042999999999996e-07
242.3 5.03400000000001e-07
242.4 5.02499999999999e-07
242.5 5.015000000000002e-07
242.60000000000002 5.004999999999997e-07
242.70000000000002 4.996000000000011e-07
242.8 4.986999999999991e-07
242.9 4.978000000000006e-07
243.0 4.968000000000001e-07
243.10000000000002 4.96e-07
243.20000000000002 4.950000000000012e-07
243.3 4.940999999999992e-07
243.4 4.931000000000004e-07
243.5 4.922000000000001e-07
243.60000000000002 4.911999999999996e-07
243.70000000000002 4.90300000000001e-07
243.8 4.893999999999991e-07
243.9 4.885000000000005e-07
244.0 4.874000000000015e-07
244.10000000000002 4.864999999999995e-07
244.20000000000002 4.85499999999999e-07
244.3 4.847000000000006e-07
244.4 4.837000000000001e-07
244.5 4.829000000000001e-07
244.60000000000002 4.819000000000013e-07
244.70000000000002 4.809999999999993e-07
244.8 4.799999999999988e-07
244.9 4.791000000000002e-07
245.0 4.781999999999999e-07
245.10000000000002 4.771999999999994e-07
245.20000000000002 4.7630000000000084e-07
245.3 4.7540000000000056e-07
245.4 4.745000000000003e-07
245.5 4.734999999999998e-07
245.60000000000002 4.726000000000012e-07
245.70000000000002 4.716000000000007e-07
245.8 4.707000000000004e-07
245.9 4.6980000000000014e-07
246.0 4.6880000000000134e-07
246.10000000000002 4.680000000000013e-07
246.20000000000002 4.67100000000001e-07
246.3 4.661000000000005e-07
246.4 4.652000000000002e-07
246.5 4.641999999999997e-07
246.60000000000002 4.6330000000000114e-07
246.70000000000002 4.6240000000000086e-07
246.8 4.615000000000006e-07
246.9 4.605000000000001e-07
247.0 4.595999999999998e-07
247.10000000000002 4.585999999999993e-07
247.20000000000002 4.5780000000000094e-07
247.3 4.570000000000009e-07
247.4 4.560000000000004e-07
247.5 4.551000000000001e-07
247.60000000000002 4.541999999999998e-07
247.70000000000002 4.531999999999993e-07
247.8 4.5229999999999904e-07
247.9 4.5129999999999854e-07
248.0 4.5039999999999996e-07
248.10000000000002 4.4950000000000137e-07
248.20000000000002 4.4850000000000087e-07
248.3 4.476000000000006e-07
248.4 4.4679999999999884e-07
248.5 4.4590000000000025e-07
248.60000000000002 4.45e-07
248.70000000000002 4.439999999999995e-07
248.8 4.430999999999992e-07
248.9 4.421999999999989e-07
249.0 4.412000000000001e-07
249.10000000000002 4.4030000000000153e-07
249.20000000000002 4.3940000000000125e-07
249.3 4.384999999999993e-07
249.4 4.37599999999999e-07
249.5 4.366000000000002e-07
249.60000000000002 4.3580000000000013e-07
249.70000000000002 4.3479999999999963e-07
249.8 4.3389999999999935e-07
249.9 4.3300000000000077e-07
250.0 4.321000000000005e-07
250.10000000000002 4.312000000000002e-07
250.20000000000002 4.3029999999999993e-07
250.3 4.2940000000000134e-07
250.4 4.2850000000000106e-07
250.5 4.275999999999991e-07
250.60000000000002 4.2679999999999903e-07
250.70000000000002 4.258000000000002e-07
250.8 4.2489999999999995e-07
250.9 4.2399999999999967e-07
251.0 4.231000000000011e-07
251.10000000000002 4.222000000000008e-07
251.20000000000002 4.212000000000003e-07
251.3 4.2049999999999877e-07
251.4 4.196000000000002e-07
251.5 4.186999999999999e-07
251.60000000000002 4.177999999999996e-07
251.70000000000002 4.1690000000000104e-07
251.8 4.1599999999999907e-07
251.9 4.15199999999999e-07
252.0 4.143000000000004e-07
252.10000000000002 4.1340000000000014e-07
252.20000000000002 4.1239999999999964e-07
252.3 4.117000000000015e-07
252.4 4.10700000000001e-07
252.5 4.098000000000007e-07
252.60000000000002 4.0900000000000066e-07
252.70000000000002 4.081000000000004e-07
252.8 4.072000000000001e-07
252.9 4.062999999999998e-07
253.0 4.0540000000000123e-07
253.10000000000002 4.0449999999999926e-07
253.20000000000002 4.036999999999992e-07
253.3 4.028000000000006e-07
253.4 4.0190000000000034e-07
253.5 4.011000000000003e-07
253.60000000000002 4.000999999999998e-07
253.70000000000002 3.992999999999997e-07
253.8 3.9840000000000113e-07
253.9 3.9749999999999916e-07
254.0 3.966999999999991e-07
254.10000000000002 3.958000000000005e-07
254.20000000000002 3.95099999999999e-07
254.3 3.940999999999985e-07
254.4 3.931999999999999e-07
254.5 3.9250000000000005e-07
254.60000000000002 3.9150000000000125e-07
254.70000000000002 3.906999999999995e-07
254.8 3.8989999999999943e-07
254.9 3.8899999999999916e-07
255.0 3.882000000000008e-07
255.10000000000002 3.873000000000005e-07
255.20000000000002 3.8639999999999854e-07
255.3 3.8560000000000017e-07
255.4 3.847999999999984e-07
255.5 3.8389999999999983e-07
255.60000000000002 3.8299999999999955e-07
255.70000000000002 3.821999999999995e-07
255.8 3.8139999999999943e-07
255.9 3.8059999999999937e-07
256.0 3.796999999999991e-07
256.1 3.788000000000005e-07
256.2 3.7809999999999897e-07
256.3 3.773000000000006e-07
256.40000000000003 3.7649999999999885e-07
256.5 3.7550000000000005e-07
256.6 3.747e-07
256.7 3.7389999999999993e-07
256.8 3.7300000000000134e-07
256.90000000000003 3.721999999999996e-07
257.0 3.714000000000012e-07
257.1 3.7059999999999947e-07
257.2 3.697999999999994e-07
257.3 3.6900000000000104e-07
257.40000000000003 3.681999999999993e-07
257.5 3.67299999999999e-07
257.6 3.664000000000004e-07
257.7 3.6560000000000036e-07
257.8 3.649000000000005e-07
257.90000000000003 3.6410000000000046e-07
258.0 3.632000000000002e-07
258.1 3.624000000000001e-07
258.2 3.6149999999999984e-07
258.3 3.608e-07
258.40000000000003 3.598999999999997e-07
258.5 3.5910000000000136e-07
258.6 3.583999999999998e-07
258.7 3.5759999999999976e-07
258.8 3.567999999999997e-07
258.90000000000003 3.5599999999999964e-07
259.0 3.5509999999999936e-07
259.1 3.543999999999995e-07
259.2 3.537000000000014e-07
259.3 3.527999999999994e-07
259.40000000000003 3.5209999999999956e-07
259.5 3.512999999999995e-07
259.6 3.5049999999999944e-07
259.7 3.4959999999999916e-07
259.8 3.48900000000001e-07
259.90000000000003 3.4799999999999904e-07
260.0 3.473999999999994e-07
260.1 3.4659999999999936e-07
260.2 3.4570000000000077e-07
260.3 3.4499999999999924e-07
260.40000000000003 3.4420000000000087e-07
260.5 3.433999999999991e-07
260.6 3.42719999999999e-07
260.7 3.418400000000001e-07
260.8 3.4115999999999997e-07
260.90000000000003 3.403799999999996e-07
261.0 3.397100000000002e-07
261.1 3.388200000000006e-07
261.2 3.3804000000000024e-07
261.3 3.373600000000001e-07
261.40000000000003 3.3649000000000023e-07
261.5 3.358200000000008e-07
261.6 3.3504999999999944e-07
261.7 3.342900000000005e-07
261.8 3.3352999999999984e-07
261.90000000000003 3.327699999999992e-07
262.0 3.3201999999999924e-07
262.1 3.3128e-07
262.2 3.3058999999999915e-07
262.3 3.297700000000011e-07
262.40000000000003 3.2906999999999954e-07
262.5 3.283800000000004e-07
262.6 3.2754999999999994e-07
262.7 3.268500000000001e-07
262.8 3.2603999999999934e-07
262.90000000000003 3.253500000000002e-07
263.0 3.2453000000000043e-07
263.1 3.238300000000006e-07
263.2 3.2312999999999906e-07
263.3 3.224299999999992e-07
263.40000000000003 3.217299999999994e-07
263.5 3.2102999999999953e-07
263.6 3.2020999999999977e-07
263.7 3.1952000000000063e-07
263.8 3.188100000000001e-07
263.90000000000003 3.1811999999999925e-07
264.0 3.173000000000012e-07
264.1 3.1660000000000134e-07
264.2 3.158999999999998e-07
264.3 3.1521000000000066e-07
264.40000000000003 3.145000000000001e-07
264.5 3.138099999999993e-07
264.6 3.1311000000000114e-07
264.7 3.124200000000003e-07
264.8 3.1170999999999977e-07
264.90000000000003 3.110099999999999e-07
265.0 3.1019000000000016e-07
265.1 3.094900000000003e-07
265.2 3.087900000000005e-07
265.3 3.0809999999999964e-07
265.40000000000003 3.073900000000008e-07
265.5 3.0669999999999996e-07
265.6 3.060000000000001e-07
265.7 3.053000000000003e-07
265.8 3.0460000000000044e-07
265.90000000000003 3.040200000000005e-07
266.0 3.03319999999999e-07
266.1 3.0261999999999915e-07
266.2 3.01920000000001e-07
266.3 3.0121999999999946e-07
266.40000000000003 3.005200000000013e-07
266.5 2.998199999999998e-07
266.6 2.9923999999999987e-07
266.7 2.9854e-07
266.8 2.978400000000002e-07
266.90000000000003 2.9714000000000034e-07
267.0 2.9654999999999973e-07
267.1 2.958600000000006e-07
267.2 2.9515000000000005e-07
267.3 2.944600000000009e-07
267.40000000000003 2.9375999999999937e-07
267.5 2.9318000000000115e-07
267.6 2.924700000000006e-07
267.7 2.9177000000000077e-07
267.8 2.9119000000000085e-07
267.90000000000003 2.904899999999993e-07
268.0 2.899099999999994e-07
268.1 2.8920999999999956e-07
268.2 2.885099999999997e-07
268.3 2.879200000000008e-07
268.40000000000003 2.8722999999999996e-07
268.5 2.865300000000001e-07
268.6 2.859399999999995e-07
268.7 2.8523999999999966e-07
268.8 2.8465999999999974e-07
268.90000000000003 2.8407999999999983e-07
269.0 2.83370000000001e-07
269.1 2.8280000000000007e-07
269.2 2.8208999999999953e-07
269.3 2.815099999999996e-07
269.40000000000003 2.8080999999999977e-07
269.5 2.8022999999999986e-07
269.6 2.7953e-07
269.7 2.789399999999994e-07
269.8 2.7824000000000125e-07
269.90000000000003 2.7765999999999964e-07
270.0 2.770799999999997e-07
270.1 2.763799999999999e-07
270.2 2.7578999999999927e-07
270.3 2.7508999999999943e-07
270.40000000000003 2.745000000000005e-07
270.5 2.739199999999989e-07
270.6 2.7322000000000075e-07
270.7 2.7263999999999914e-07
270.8 2.720599999999992e-07
270.90000000000003 2.714700000000003e-07
271.0 2.708900000000004e-07
271.1 2.7019000000000054e-07
271.2 2.696100000000006e-07
271.3 2.6902e-07
271.40000000000003 2.684400000000001e-07
271.5 2.678600000000002e-07
271.6 2.6726999999999956e-07
271.7 2.665700000000014e-07
271.8 2.659900000000015e-07
271.90000000000003 2.654000000000009e-07
272.0 2.6481999999999927e-07
272.1 2.6423999999999935e-07
272.2 2.6365999999999944e-07
272.3 2.630700000000005e-07
272.40000000000003 2.624899999999989e-07
272.5 0.0
272.6 0.0
272.7 0.0
272.8 0.0
272.90000000000003 0.0
273.0 0.0
273.1 0.0
273.2 0.0
273.3 0.0
273.40000000000003 0.0
273.5 0.0
273.6 0.0
273.7 0.0
273.8 0.0
273.90000000000003 0.0
274.0 0.0
274.1 0.0
274.2 0.0
274.3 0.0
274.40000000000003 0.0
274.5 0.0
274.6 0.0
274.7 0.0
274.8 0.0
274.90000000000003 0.0
275.0 0.0
275.1 0.0
275.2 0.0
275.3 0.0
275.40000000000003 0.0
275.5 0.0
275.6 0.0
275.7 0.0
275.8 0.0
275.90000000000003 0.0
276.0 0.0
276.1 0.0
276.2 0.0
276.3 0.0
276.40000000000003 0.0
276.5 0.0
276.6 0.0
276.7 0.0
276.8 0.0
276.90000000000003 0.0
277.0 0.0
277.1 0.0
277.2 0.0
277.3 0.0
277.40000000000003 0.0
277.5 0.0
277.6 0.0
277.7 0.0
277.8 0.0
277.90000000000003 0.0
278.0 0.0
278.1 0.0
278.2 0.0
278.3 0.0
278.40000000000003 0.0
278.5 0.0
278.6 0.0
278.7 0.0
278.8 0.0
278.90000000000003 0.0
279.0 0.0
279.1 0.0
279.2 0.0
279.3 0.0
279.40000000000003 0.0
279.5 0.0
279.6 0.0
279.7 0.0
279.8 0.0
279.90000000000003 0.0
280.0 0.0
280.1 0.0
280.2 0.0
280.3 0.0
280.40000000000003 0.0
280.5 0.0
280.6 0.0
280.7 0.0
280.8 0.0
280.90000000000003 0.0
281.0 0.0
281.1 0.0
281.2 0.0
281.3 0.0
281.40000000000003 0.0
281.5 0.0
281.6 0.0
281.7 0.0
281.8 0.0
281.90000000000003 0.0
282.0 0.0
282.1 0.0
282.2 0.0
282.3 0.0
282.40000000000003 0.0
282.5 0.0
282.6 0.0
282.7 0.0
282.8 0.0
282.90000000000003 0.0
283.0 0.0
283.1 0.0
283.2 0.0
283.3 0.0
283.40000000000003 0.0
283.5 0.0
283.6 0.0
283.7 0.0
283.8 0.0
283.90000000000003 0.0
284.0 0.0
284.1 0.0
284.2 0.0
284.3 0.0
284.40000000000003 0.0
284.5 0.0
284.6 0.0
284.7 0.0
284.8 0.0
284.90000000000003 0.0
285.0 0.0
285.1 0.0
285.2 0.0
285.3 0.0
285.40000000000003 0.0
285.5 0.0
285.6 0.0
285.7 0.0
285.8 0.0
285.90000000000003 0.0
286.0 0.0
286.1 0.0
286.2 0.0
286.3 0.0
286.40000000000003 0.0
286.5 0.0
286.6 0.0
286.7 0.0
286.8 0.0
286.90000000000003 0.0
287.0 0.0
287.1 0.0
287.2 0.0
287.3 0.0
287.40000000000003 0.0
287.5 0.0
287.6 0.0
287.7 0.0
287.8 0.0
287.90000000000003 0.0
288.0 0.0
288.1 0.0
288.2 0.0
288.3 0.0
288.40000000000003 0.0
288.5 0.0
288.6 0.0
288.7 0.0
288.8 0.0
288.90000000000003 0.0
289.0 0.0
289.1 0.0
289.2 0.0
289.3 0.0
289.40000000000003 0.0
289.5 0.0
289.6 0.0
289.7 0.0
289.8 0.0
289.90000000000003 0.0
290.0 0.0
290.1 0.0
290.2 0.0
290.3 0.0
290.40000000000003 0.0
290.5 0.0
290.6 0.0
290.7 0.0
290.8 0.0
290.90000000000003 0.0
291.0 0.0
291.1 0.0
291.2 0.0
291.3 0.0
291.40000000000003 0.0
291.5 0.0
291.6 0.0
291.7 0.0
291.8 0.0
291.90000000000003 0.0
292.0 0.0
292.1 0.0
292.2 0.0
292.3 0.0
292.40000000000003 0.0
292.5 0.0
292.6 0.0
292.7 0.0
292.8 0.0
292.90000000000003 0.0
293.0 0.0
293.1 0.0
293.2 0.0
293.3 0.0
293.40000000000003 0.0
293.5 0.0
293.6 0.0
293.7 0.0
293.8 0.0
293.90000000000003 0.0
294.0 0.0
294.1 0.0
294.2 0.0
294.3 0.0
294.40000000000003 0.0
294.5 0.0
294.6 0.0
294.7 0.0
294.8 0.0
294.90000000000003 0.0
295.0 0.0
295.1 0.0
295.2 0.0
295.3 0.0
295.40000000000003 0.0
295.5 0.0
295.6 0.0
295.7 0.0
295.8 0.0
295.90000000000003 0.0
296.0 0.0
296.1 0.0
296.2 0.0
296.3 0.0
296.40000000000003 0.0
296.5 0.0
296.6 0.0
296.7 0.0
296.8 0.0
296.90000000000003 0.0
297.0 0.0
297.1 0.0
297.2 0.0
297.3 0.0
297.40000000000003 0.0
297.5 0.0
297.6 0.0
297.7 0.0
297.8 0.0
297.90000000000003 0.0
298.0 0.0
298.1 0.0
298.2 0.0
298.3 0.0
298.40000000000003 0.0
298.5 0.0
298.6 0.0
298.7 0.0
298.8 0.0
298.90000000000003 0.0
299.0 0.0
299.1 0.0
299.2 0.0
299.3 0.0
299.40000000000003 0.0
299.5 0.0
299.6 0.0
299.7 0.0
299.8 0.0
299.90000000000003 0.0
300.0 0.0
300.1 0.0
300.2 0.0
300.3 0.0
300.40000000000003 0.0
300.5 0.0
300.6 0.0
300.7 0.0
300.8 0.0
300.90000000000003 0.0
301.0 0.0
301.1 0.0
301.2 0.0
301.3 0.0
301.40000000000003 0.0
301.5 0.0
301.6 0.0
301.7 0.0
301.8 0.0
301.90000000000003 0.0
302.0 0.0
302.1 0.0
302.2 0.0
302.3 0.0
302.40000000000003 0.0
302.5 0.0
302.6 0.0
302.7 0.0
302.8 0.0
302.90000000000003 0.0
303.0 0.0
303.1 0.0
303.2 0.0
303.3 0.0
303.40000000000003 0.0
303.5 0.0
303.6 0.0
303.7 0.0
303.8 0.0
303.90000000000003 0.0
304.0 0.0
304.1 0.0
304.2 0.0
304.3 0.0
304.40000000000003 0.0
304.5 0.0
304.6 0.0
304.7 0.0
304.8 0.0
304.90000000000003 0.0
305.0 0.0
305.1 0.0
305.2 0.0
305.3 0.0
305.40000000000003 0.0
305.5 0.0
305.6 0.0
305.7 0.0
305.8 0.0
305.90000000000003 0.0
306.0 0.0
306.1 0.0
306.2 0.0
306.3 0.0
306.40000000000003 0.0
306.5 0.0
306.6 0.0
306.7 0.0
306.8 0.0
306.90000000000003 0.0
307.0 0.0
307.1 0.0
307.20000000000005 0.0
307.3 0.0
307.40000000000003 0.0
307.5 0.0
307.6 0.0
307.70000000000005 0.0
307.8 0.0
307.90000000000003 0.0
308.0 0.0
308.1 0.0
308.20000000000005 0.0
308.3 0.0
308.40000000000003 0.0
308.5 0.0
308.6 0.0
308.70000000000005 0.0
308.8 0.0
308.90000000000003 0.0
309.0 0.0
309.1 0.0
309.20000000000005 0.0
309.3 0.0
309.40000000000003 0.0
309.5 0.0
309.6 0.0
309.70000000000005 0.0
309.8 0.0
309.90000000000003 0.0
310.0 0.0
310.1 0.0
310.20000000000005 0.0
310.3 0.0
310.40000000000003 0.0
310.5 0.0
310.6 0.0
310.70000000000005 0.0
310.8 0.0
310.90000000000003 0.0
311.0 0.0
311.1 0.0
311.20000000000005 0.0
311.3 0.0
311.40000000000003 0.0
311.5 0.0
311.6 0.0
311.70000000000005 0.0
311.8 0.0
311.90000000000003 0.0
312.0 0.0
312.1 0.0
312.20000000000005 0.0
312.3 0.0
312.40000000000003 0.0
312.5 0.0
312.6 0.0
312.70000000000005 0.0
312.8 0.0
312.90000000000003 0.0
313.0 0.0
313.1 0.0
313.20000000000005 0.0
313.3 0.0
313.40000000000003 0.0
313.5 0.0
313.6 0.0
313.70000000000005 0.0
313.8 0.0
313.90000000000003 0.0
314.0 0.0
314.1 0.0
314.20000000000005 0.0
314.3 0.0
314.40000000000003 0.0
314.5 0.0
314.6 0.0
314.70000000000005 0.0
314.8 0.0
314.90000000000003 0.0
315.0 0.0
315.1 0.0
315.20000000000005 0.0
315.3 0.0
315.40000000000003 0.0
315.5 0.0
315.6 0.0
315.70000000000005 0.0
315.8 0.0
315.90000000000003 0.0
316.0 0.0
316.1 0.0
316.20000000000005 0.0
316.3 0.0
316.40000000000003 0.0
316.5 0.0
316.6 0.0
316.70000000000005 0.0
316.8 0.0
316.90000000000003 0.0
317.0 0.0
317.1 0.0
317.20000000000005 0.0
317.3 0.0
317.40000000000003 0.0
317.5 0.0
317.6 0.0
317.70000000000005 0.0
317.8 0.0
317.90000000000003 0.0
318.0 0.0
318.1 0.0
318.20000000000005 0.0
318.3 0.0
318.40000000000003 0.0
318.5 0.0
318.6 0.0
318.70000000000005 0.0
318.8 0.0
318.90000000000003 0.0
319.0 0.0
319.1 0.0
319.20000000000005 0.0
319.3 0.0
319.40000000000003 0.0
319.5 0.0
319.6 0.0
319.70000000000005 0.0
319.8 0.0
319.90000000000003 0.0
320.0 0.0
320.1 0.0
320.20000000000005 0.0
320.3 0.0
320.40000000000003 0.0
320.5 0.0
320.6 0.0
320.70000000000005 0.0
320.8 0.0
320.90000000000003 0.0
321.0 0.0
321.1 0.0
321.20000000000005 0.0
321.3 0.0
321.40000000000003 0.0
321.5 0.0
321.6 0.0
321.70000000000005 0.0
321.8 0.0
321.90000000000003 0.0
322.0 0.0
322.1 0.0
322.20000000000005 0.0
322.3 0.0
322.40000000000003 0.0
322.5 0.0
322.6 0.0
322.70000000000005 0.0
322.8 0.0
322.90000000000003 0.0
323.0 0.0
323.1 0.0
323.20000000000005 0.0
323.3 0.0
323.40000000000003 0.0
323.5 0.0
323.6 0.0
323.70000000000005 0.0
323.8 0.0
323.90000000000003 0.0
324.0 0.0
324.1 0.0
324.20000000000005 0.0
324.3 0.0
324.40000000000003 0.0
324.5 0.0
324.6 0.0
324.70000000000005 0.0
324.8 0.0
324.90000000000003 0.0
325.0 0.0
325.1 0.0
325.20000000000005 0.0
325.3 0.0
325.40000000000003 0.0
325.5 0.0
325.6 0.0
325.70000000000005 0.0
325.8 0.0
325.90000000000003 0.0
326.0 0.0
326.1 0.0
326.20000000000005 0.0
326.3 0.0
326.40000000000003 0.0
326.5 0.0
326.6 0.0
326.70000000000005 0.0
326.8 0.0
326.90000000000003 0.0
327.0 0.0
327.1 0.0
327.20000000000005 0.0
327.3 0.0
327.40000000000003 0.0
327.5 0.0
327.6 0.0
327.70000000000005 0.0
327.8 0.0
327.90000000000003 0.0
328.0 0.0
328.1 0.0
328.20000000000005 0.0
328.3 0.0
328.40000000000003 0.0
328.5 0.0
328.6 0.0
328.70000000000005 0.0
328.8 0.0
328.90000000000003 0.0
329.0 0.0
329.1 0.0
329.20000000000005 0.0
329.3 0.0
329.40000000000003 0.0
329.5 0.0
329.6 0.0
329.70000000000005 0.0
329.8 0.0
329.90000000000003 0.0
330.0 0.0
330.1 0.0
330.20000000000005 0.0
330.3 0.0
330.40000000000003 0.0
330.5 0.0
330.6 0.0
330.70000000000005 0.0
330.8 0.0
330.90000000000003 0.0
331.0 0.0
331.1 0.0
331.20000000000005 0.0
331.3 0.0
331.40000000000003 0.0
331.5 0.0
331.6 0.0
331.70000000000005 0.0
331.8 0.0
331.90000000000003 0.0
332.0 0.0
332.1 0.0
332.20000000000005 0.0
332.3 0.0
332.40000000000003 0.0
332.5 0.0
332.6 0.0
332.70000000000005 0.0
332.8 0.0
332.90000000000003 0.0
333.0 0.0
333.1 0.0
333.20000000000005 0.0
333.3 0.0
333.40000000000003 0.0
333.5 0.0
333.6 0.0
333.70000000000005 0.0
333.8 0.0
333.90000000000003 0.0
334.0 0.0
334.1 0.0
334.20000000000005 0.0
334.3 0.0
334.40000000000003 0.0
334.5 0.0
334.6 0.0
334.70000000000005 0.0
334.8 0.0
334.90000000000003 0.0
335.0 0.0
335.1 0.0
335.20000000000005 0.0
335.3 0.0
335.40000000000003 0.0
335.5 0.0
335.6 0.0
335.70000000000005 0.0
335.8 0.0
335.90000000000003 0.0
336.0 0.0
336.1 0.0
336.20000000000005 0.0
336.3 0.0
336.40000000000003 0.0
336.5 0.0
336.6 0.0
336.70000000000005 0.0
336.8 0.0
336.90000000000003 0.0
337.0 0.0
337.1 0.0
337.20000000000005 0.0
337.3 0.0
337.40000000000003 0.0
337.5 0.0
337.6 0.0
337.70000000000005 0.0
337.8 0.0
337.90000000000003 0.0
338.0 0.0
338.1 0.0
338.20000000000005 0.0
338.3 0.0
338.40000000000003 0.0
338.5 0.0
338.6 0.0
338.70000000000005 0.0
338.8 0.0
338.90000000000003 0.0
339.0 0.0
339.1 0.0
339.20000000000005 0.0
339.3 0.0
339.40000000000003 0.0
339.5 0.0
339.6 0.0
339.70000000000005 0.0
339.8 0.0
339.90000000000003 0.0
340.0 0.0
340.1 0.0
340.20000000000005 0.0
340.3 0.0
