Teff log_g Mass Mbol BC U B V R I J H Ks Y J_1 H_1 K W1 W2 W3 W4 S36 S45 S58 S80 u g r i z g_1 r_1 i_1 z_1 y G2 G2_BP G2_RP G3 G3_BP G3_RP FUV NUV Age
1500.0 7.0 0.152 19.054 0.981 23.053 20.623 18.072 17.759 19.696 19.997 19.957 22.168 19.941 19.926 19.784 22.139 16.854 16.139 15.25 14.295 16.513 16.126 16.202 15.849 24.083 19.391 17.623 19.825 19.56 19.0 17.699 19.894 19.616 19.454 18.429 18.426 18.536 18.465 18.429 18.597 58.893 34.07 13390.0
1750.0 7.0 0.152 18.383 0.756 22.278 20.061 17.627 17.142 18.341 18.757 18.909 20.525 18.759 18.68 18.764 20.49 16.237 15.594 14.819 14.004 15.942 15.59 15.598 15.301 23.27 18.893 17.059 18.569 18.4 18.525 17.115 18.618 18.407 18.424 17.79 17.914 17.588 17.819 17.918 17.636 56.872 32.981 10770.0
2000.0 7.0 0.152 17.801 0.523 21.64 19.596 17.278 16.658 17.266 17.713 17.999 19.16 17.768 17.637 17.878 19.12 15.701 15.135 14.425 13.727 15.447 15.136 15.096 14.824 22.604 18.49 16.649 17.566 17.459 18.141 16.681 17.599 17.437 17.569 17.255 17.533 16.826 17.278 17.536 16.862 54.997 31.952 9004.0
2250.0 7.0 0.152 17.287 0.298 21.101 19.201 16.99 16.263 16.43 16.831 17.179 17.964 16.931 16.759 17.083 17.922 15.205 14.712 14.058 13.455 14.991 14.717 14.644 14.395 22.038 18.157 16.337 16.788 16.71 17.823 16.35 16.809 16.673 16.863 16.799 17.23 16.213 16.817 17.234 16.239 53.291 31.067 7453.0
2500.0 7.0 0.153 16.827 0.101 20.572 18.817 16.727 15.92 15.731 16.149 16.585 17.174 16.233 16.084 16.501 17.134 14.852 14.414 13.801 13.255 14.667 14.421 14.333 14.101 21.483 17.831 16.079 16.145 16.069 17.516 16.078 16.156 16.023 16.247 16.383 16.962 15.68 16.398 16.967 15.699 51.783 30.238 5893.0
2750.0 7.0 0.153 16.41 -0.089 20.097 18.477 16.499 15.642 15.184 15.493 15.961 16.388 15.572 15.435 15.889 16.35 14.481 14.102 13.527 13.035 14.325 14.11 14.01 13.795 20.988 17.543 15.873 15.661 15.541 17.246 15.863 15.663 15.5 15.696 16.034 16.736 15.249 16.048 16.741 15.263 50.261 29.446 4242.0
3000.0 7.0 0.154 16.029 -0.246 19.626 18.141 16.276 15.398 14.769 14.891 15.367 15.682 14.961 14.841 15.304 15.647 14.131 13.805 13.261 12.816 14.0 13.815 13.706 13.504 20.506 17.26 15.679 15.294 15.116 16.98 15.666 15.289 15.091 15.213 15.733 16.515 14.9 15.748 16.52 14.91 48.667 28.629 3471.0
3250.0 7.0 0.154 15.678 -0.372 19.142 17.8 16.051 15.184 14.468 14.338 14.76 14.984 14.419 14.294 14.707 14.951 13.765 13.493 12.975 12.58 13.66 13.503 13.388 13.195 20.017 16.973 15.489 15.021 14.794 16.711 15.475 15.013 14.791 14.817 15.479 16.292 14.627 15.496 16.298 14.636 46.893 27.766 3218.0
3500.0 7.0 0.155 15.352 -0.464 18.639 17.446 15.816 14.983 14.245 13.855 14.159 14.304 13.988 13.813 14.115 14.273 13.386 13.161 12.676 12.345 13.303 13.171 13.054 12.87 19.512 16.675 15.293 14.806 14.554 16.432 15.279 14.796 14.569 14.521 15.256 16.058 14.408 15.276 16.065 14.418 44.8 26.855 2981.0
3750.0 7.0 0.156 15.047 -0.524 18.124 17.078 15.571 14.783 14.056 13.473 13.587 13.638 13.684 13.43 13.553 13.608 12.99 12.797 12.375 12.14 12.926 12.807 12.693 12.531 18.994 16.363 15.086 14.614 14.361 16.139 15.073 14.605 14.385 14.299 15.045 15.811 14.216 15.065 15.819 14.226 42.316 25.837 2652.0
4000.0 7.0 0.157 14.76 -0.539 17.529 16.669 15.299 14.563 13.867 13.186 13.104 13.082 13.459 13.142 13.077 13.051 12.629 12.458 12.134 12.011 12.581 12.468 12.364 12.236 18.393 16.017 14.856 14.416 14.177 15.814 14.844 14.407 14.203 14.109 14.818 15.532 14.02 14.839 15.541 14.031 39.127 24.641 2348.0
4250.0 7.0 0.158 14.486 -0.495 16.874 16.203 14.981 14.306 13.652 12.973 12.733 12.689 13.261 12.929 12.711 12.658 12.35 12.203 11.981 11.925 12.312 12.211 12.126 12.037 17.732 15.618 14.583 14.188 13.976 15.439 14.573 14.18 13.999 13.914 14.554 15.203 13.796 14.575 15.213 13.808 34.989 23.461 2073.0
4500.0 7.0 0.16 14.224 -0.422 16.223 15.729 14.646 14.03 13.425 12.791 12.456 12.38 13.068 12.748 12.439 12.349 12.126 12.012 11.876 11.845 12.097 12.018 11.959 11.906 17.074 15.206 14.293 13.945 13.765 15.048 14.284 13.938 13.784 13.714 14.271 14.853 13.558 14.291 14.865 13.571 31.114 22.371 1810.0
4750.0 7.0 0.164 13.963 -0.344 15.587 15.262 14.306 13.747 13.19 12.611 12.248 12.144 12.871 12.569 12.234 12.112 11.952 11.87 11.782 11.764 11.932 11.874 11.835 11.801 16.432 14.795 13.995 13.694 13.547 14.657 13.988 13.688 13.561 13.508 13.978 14.496 13.313 13.998 14.51 13.326 29.015 21.313 1494.0
5000.0 7.0 0.17 13.704 -0.27 14.965 14.812 13.974 13.468 12.956 12.432 12.077 11.97 12.673 12.391 12.062 11.938 11.815 11.753 11.69 11.679 11.8 11.756 11.727 11.703 15.803 14.396 13.702 13.446 13.329 14.277 13.697 13.441 13.339 13.301 13.686 14.144 13.069 13.706 14.16 13.083 27.8 20.34 1203.0
5250.0 7.0 0.175 13.456 -0.214 14.381 14.403 13.67 13.212 12.741 12.268 11.93 11.835 12.491 12.228 11.915 11.804 11.703 11.653 11.607 11.603 11.691 11.655 11.633 11.616 15.213 14.033 13.434 13.218 13.129 13.931 13.43 13.214 13.135 13.112 13.416 13.817 12.845 13.435 13.837 12.859 26.749 19.417 1020.0
5500.0 7.0 0.181 13.221 -0.178 13.866 14.044 13.399 12.982 12.549 12.119 11.799 11.718 12.328 12.079 11.783 11.688 11.605 11.566 11.536 11.535 11.596 11.567 11.552 11.54 14.695 13.71 13.195 13.014 12.949 13.623 13.191 13.011 12.953 12.941 13.172 13.524 12.644 13.191 13.546 12.659 25.819 18.491 896.0
6000.0 7.0 0.189 12.796 -0.144 13.071 13.454 12.94 12.595 12.227 11.87 11.583 11.532 12.055 11.832 11.565 11.503 11.452 11.431 11.426 11.421 11.446 11.432 11.427 11.425 13.9 13.172 12.791 12.672 12.65 13.105 12.788 12.67 12.647 12.657 12.757 13.028 12.307 12.776 13.056 12.323 24.371 16.78 703.5
6500.0 7.0 0.193 12.424 -0.141 12.497 12.986 12.565 12.277 11.963 11.672 11.422 11.393 11.833 11.636 11.403 11.365 11.338 11.332 11.336 11.321 11.336 11.331 11.333 11.336 13.327 12.739 12.459 12.39 12.404 12.687 12.457 12.39 12.397 12.425 12.415 12.625 12.029 12.433 12.658 12.047 22.872 15.512 557.1
7000.0 7.0 0.197 12.081 -0.155 12.044 12.589 12.235 11.993 11.725 11.497 11.285 11.274 11.634 11.462 11.265 11.247 11.236 11.238 11.243 11.226 11.236 11.238 11.243 11.246 12.877 12.365 12.164 12.138 12.184 12.323 12.163 12.139 12.172 12.217 12.11 12.275 11.78 12.128 12.31 11.799 21.28 14.589 440.4
7500.0 7.0 0.201 11.761 -0.176 11.672 12.24 11.937 11.735 11.509 11.338 11.164 11.167 11.453 11.306 11.143 11.141 11.141 11.148 11.152 11.137 11.142 11.148 11.153 11.156 12.508 12.032 11.897 11.908 11.983 11.998 11.897 11.91 11.968 12.028 11.834 11.962 11.554 11.852 11.999 11.573 19.562 13.878 345.7
8000.0 7.0 0.204 11.461 -0.2 11.359 11.925 11.661 11.497 11.31 11.192 11.055 11.069 11.285 11.163 11.032 11.043 11.051 11.061 11.066 11.052 11.053 11.061 11.066 11.068 12.198 11.728 11.65 11.696 11.798 11.7 11.65 11.699 11.78 11.855 11.579 11.677 11.345 11.597 11.715 11.364 18.042 13.308 268.3
8500.0 7.0 0.208 11.179 -0.222 11.089 11.635 11.401 11.273 11.124 11.057 10.954 10.977 11.128 11.03 10.931 10.951 10.963 10.976 10.982 10.971 10.966 10.976 10.981 10.984 11.932 11.446 11.419 11.498 11.627 11.423 11.42 11.501 11.605 11.694 11.341 11.414 11.15 11.358 11.451 11.17 16.828 12.833 205.0
9000.0 7.0 0.211 10.912 -0.244 10.849 11.367 11.156 11.063 10.951 10.93 10.861 10.891 10.981 10.906 10.836 10.864 10.879 10.893 10.901 10.893 10.882 10.894 10.899 10.902 11.696 11.183 11.203 11.312 11.469 11.162 11.203 11.317 11.444 11.545 11.116 11.167 10.969 11.134 11.205 10.989 15.839 12.424 152.7
9500.0 7.0 0.215 10.659 -0.269 10.632 11.119 10.929 10.87 10.793 10.814 10.776 10.81 10.846 10.793 10.75 10.783 10.798 10.813 10.823 10.819 10.801 10.814 10.818 10.822 11.483 10.939 11.003 11.142 11.325 10.921 11.003 11.147 11.297 11.409 10.908 10.939 10.802 10.926 10.977 10.824 14.952 12.06 109.8
10000.0 7.0 0.218 10.421 -0.308 10.438 10.899 10.729 10.701 10.658 10.714 10.702 10.738 10.73 10.694 10.676 10.711 10.724 10.738 10.75 10.75 10.727 10.739 10.743 10.748 11.291 10.724 10.828 10.996 11.202 10.708 10.828 11.002 11.172 11.292 10.725 10.738 10.659 10.744 10.775 10.681 13.94 11.738 77.46
10500.0 7.0 0.221 10.194 -0.373 10.27 10.717 10.567 10.566 10.552 10.634 10.641 10.677 10.637 10.616 10.614 10.65 10.661 10.674 10.689 10.692 10.664 10.676 10.68 10.685 11.125 10.547 10.688 10.88 11.105 10.534 10.689 10.887 11.074 11.2 10.577 10.573 10.545 10.595 10.61 10.568 12.951 11.459 57.21
11000.0 7.0 0.224 9.98 -0.467 10.136 10.577 10.447 10.467 10.474 10.575 10.592 10.628 10.569 10.557 10.565 10.601 10.611 10.624 10.639 10.646 10.613 10.625 10.629 10.635 10.992 10.411 10.585 10.797 11.033 10.401 10.586 10.804 11.001 11.131 10.465 10.448 10.462 10.483 10.485 10.485 12.113 11.229 44.53
11500.0 7.0 0.226 9.775 -0.581 10.025 10.467 10.356 10.393 10.414 10.527 10.549 10.585 10.515 10.509 10.522 10.558 10.568 10.58 10.598 10.605 10.57 10.581 10.586 10.592 10.881 10.306 10.507 10.733 10.976 10.299 10.508 10.74 10.944 11.076 10.379 10.35 10.398 10.397 10.388 10.421 11.495 11.04 35.17
12000.0 7.0 0.228 9.579 -0.687 9.902 10.354 10.265 10.315 10.349 10.474 10.502 10.539 10.457 10.456 10.475 10.512 10.524 10.537 10.557 10.566 10.526 10.538 10.544 10.551 10.757 10.201 10.426 10.664 10.914 10.196 10.427 10.672 10.881 11.016 10.289 10.251 10.329 10.308 10.289 10.352 11.103 10.852 27.96
12500.0 7.0 0.231 9.39 -0.787 9.768 10.244 10.177 10.234 10.28 10.418 10.452 10.491 10.396 10.401 10.425 10.465 10.479 10.494 10.515 10.525 10.482 10.495 10.501 10.509 10.624 10.097 10.344 10.592 10.848 10.097 10.345 10.6 10.814 10.952 10.2 10.151 10.256 10.218 10.191 10.279 10.811 10.67 22.06
13000.0 7.0 0.233 9.208 -0.885 9.636 10.141 10.094 10.158 10.212 10.363 10.402 10.444 10.335 10.346 10.375 10.417 10.435 10.451 10.474 10.485 10.438 10.452 10.459 10.467 10.492 10.001 10.265 10.522 10.783 10.004 10.267 10.53 10.749 10.889 10.115 10.057 10.185 10.133 10.098 10.209 10.566 10.495 17.13
13500.0 7.0 0.236 9.034 -0.982 9.508 10.043 10.016 10.085 10.147 10.31 10.353 10.398 10.277 10.292 10.326 10.371 10.391 10.409 10.434 10.446 10.395 10.409 10.417 10.427 10.364 9.911 10.191 10.455 10.721 9.917 10.192 10.463 10.686 10.829 10.034 9.968 10.117 10.052 10.01 10.141 10.347 10.329 13.04
14000.0 7.0 0.238 8.866 -1.077 9.386 9.952 9.943 10.016 10.085 10.259 10.306 10.353 10.222 10.241 10.279 10.327 10.35 10.368 10.395 10.408 10.353 10.369 10.377 10.387 10.241 9.826 10.12 10.391 10.661 9.835 10.122 10.399 10.625 10.771 9.958 9.884 10.052 9.975 9.927 10.076 10.146 10.17 9.767
14500.0 7.0 0.24 8.704 -1.169 9.269 9.867 9.873 9.95 10.025 10.21 10.261 10.31 10.169 10.192 10.233 10.284 10.309 10.329 10.358 10.371 10.313 10.329 10.339 10.349 10.123 9.747 10.053 10.33 10.603 9.758 10.055 10.338 10.567 10.715 9.886 9.804 9.99 9.903 9.849 10.014 9.959 10.019 7.313
15000.0 7.0 0.242 8.548 -1.259 9.158 9.786 9.807 9.887 9.968 10.162 10.217 10.268 10.118 10.145 10.189 10.242 10.27 10.291 10.321 10.336 10.274 10.291 10.301 10.312 10.011 9.671 9.989 10.271 10.548 9.685 9.991 10.279 10.511 10.662 9.817 9.728 9.931 9.834 9.774 9.955 9.783 9.875 5.539
15500.0 7.0 0.243 8.398 -1.346 9.051 9.709 9.744 9.827 9.913 10.117 10.174 10.228 10.07 10.099 10.146 10.202 10.232 10.254 10.286 10.302 10.237 10.254 10.265 10.277 9.904 9.6 9.927 10.214 10.495 9.616 9.93 10.223 10.457 10.61 9.751 9.656 9.873 9.768 9.703 9.898 9.616 9.737 4.259
16000.0 7.0 0.245 8.253 -1.43 8.949 9.636 9.682 9.769 9.86 10.072 10.133 10.189 10.022 10.055 10.105 10.163 10.196 10.218 10.252 10.269 10.2 10.218 10.23 10.242 9.802 9.531 9.868 10.16 10.443 9.549 9.871 10.168 10.405 10.561 9.687 9.586 9.818 9.704 9.635 9.843 9.457 9.605 3.33
16500.0 7.0 0.247 8.112 -1.511 8.852 9.565 9.623 9.713 9.808 10.029 10.092 10.15 9.977 10.011 10.065 10.125 10.16 10.184 10.219 10.237 10.165 10.183 10.196 10.209 9.703 9.465 9.811 10.107 10.393 9.485 9.814 10.116 10.355 10.513 9.626 9.519 9.765 9.642 9.569 9.79 9.306 9.479 2.647
17000.0 7.0 0.248 7.975 -1.591 8.758 9.498 9.566 9.658 9.758 9.987 10.053 10.113 9.932 9.97 10.025 10.088 10.125 10.15 10.187 10.206 10.13 10.149 10.162 10.176 9.609 9.401 9.756 10.055 10.345 9.423 9.758 10.064 10.306 10.466 9.567 9.454 9.713 9.583 9.505 9.738 9.161 9.358 2.139
20000.0 7.0 0.257 7.232 -2.021 8.261 9.132 9.253 9.36 9.482 9.755 9.834 9.905 9.687 9.737 9.805 9.881 9.93 9.96 10.01 10.039 9.936 9.959 9.977 9.995 9.109 9.056 9.453 9.773 10.078 9.087 9.456 9.782 10.036 10.209 9.244 9.1 9.429 9.258 9.158 9.454 8.401 8.722 0.829
25000.0 7.0 0.27 6.21 -2.599 7.598 8.622 8.809 8.936 9.087 9.415 9.513 9.601 9.33 9.397 9.484 9.578 9.645 9.687 9.761 9.799 9.654 9.686 9.711 9.738 8.444 8.573 9.023 9.37 9.695 8.615 9.027 9.38 9.649 9.838 8.786 8.603 9.023 8.799 8.671 9.049 7.412 7.887 0.2206
30000.0 7.0 0.282 5.372 -3.018 7.011 8.15 8.391 8.531 8.705 9.077 9.192 9.294 8.978 9.06 9.163 9.272 9.355 9.404 9.478 9.506 9.365 9.401 9.43 9.458 7.856 8.122 8.614 8.982 9.322 8.173 8.618 8.992 9.273 9.475 8.354 8.14 8.633 8.366 8.215 8.66 6.645 7.188 0.0
35000.0 7.0 0.294 4.654 -3.381 6.546 7.76 8.035 8.181 8.364 8.758 8.877 8.979 8.652 8.739 8.847 8.956 9.035 9.071 9.1 9.07 9.044 9.068 9.087 9.099 7.39 7.747 8.261 8.638 8.985 7.804 8.266 8.649 8.935 9.142 7.987 7.753 8.288 7.997 7.834 8.315 6.118 6.678 0.0
40000.0 7.0 0.31 4.02 -3.768 6.245 7.494 7.787 7.936 8.124 8.527 8.647 8.747 8.418 8.507 8.617 8.725 8.801 8.833 8.849 8.804 8.809 8.83 8.846 8.853 7.088 7.488 8.015 8.397 8.746 7.548 8.02 8.407 8.695 8.905 7.733 7.488 8.045 7.742 7.572 8.072 5.767 6.347 0.0
45000.0 7.0 0.326 3.451 -4.14 6.016 7.286 7.591 7.741 7.933 8.34 8.46 8.56 8.23 8.32 8.431 8.538 8.612 8.641 8.649 8.596 8.619 8.638 8.653 8.657 6.86 7.285 7.82 8.205 8.555 7.347 7.825 8.215 8.504 8.715 7.533 7.282 7.853 7.542 7.368 7.88 5.498 6.097 0.0
50000.0 7.0 0.344 2.936 -4.487 5.826 7.11 7.423 7.575 7.768 8.179 8.299 8.399 8.068 8.159 8.27 8.376 8.449 8.477 8.479 8.42 8.456 8.474 8.487 8.489 6.669 7.112 7.653 8.04 8.391 7.175 7.658 8.05 8.34 8.552 7.362 7.107 7.687 7.371 7.194 7.714 5.275 5.89 0.0
55000.0 7.0 0.361 2.471 -4.806 5.663 6.957 7.277 7.43 7.625 8.038 8.159 8.258 7.926 8.018 8.129 8.235 8.307 8.333 8.332 8.271 8.314 8.33 8.343 8.344 6.506 6.962 7.507 7.896 8.248 7.027 7.513 7.907 8.197 8.409 7.214 6.955 7.543 7.222 7.043 7.57 5.085 5.714 0.0
60000.0 7.0 0.378 2.041 -5.1 5.513 6.816 7.142 7.295 7.491 7.906 8.027 8.126 7.794 7.886 7.998 8.104 8.175 8.2 8.196 8.135 8.181 8.197 8.209 8.209 6.356 6.823 7.372 7.762 8.115 6.889 7.378 7.773 8.064 8.276 7.076 6.815 7.409 7.085 6.903 7.436 4.912 5.553 0.0
65000.0 7.0 0.395 1.647 -5.372 5.38 6.69 7.02 7.174 7.371 7.788 7.909 8.008 7.675 7.768 7.88 7.985 8.056 8.081 8.075 8.015 8.062 8.078 8.089 8.088 6.223 6.698 7.251 7.642 7.996 6.765 7.256 7.653 7.944 8.157 6.953 6.689 7.288 6.961 6.778 7.316 4.758 5.41 0.0
70000.0 7.0 0.413 1.277 -5.624 5.252 6.568 6.902 7.056 7.255 7.673 7.795 7.893 7.56 7.653 7.765 7.871 7.941 7.965 7.958 7.9 7.947 7.962 7.973 7.972 6.095 6.578 7.133 7.526 7.88 6.645 7.139 7.536 7.828 8.041 6.834 6.568 7.172 6.842 6.657 7.199 4.612 5.274 0.0
75000.0 7.0 0.431 0.929 -5.859 5.131 6.452 6.789 6.944 7.144 7.563 7.685 7.784 7.45 7.543 7.656 7.761 7.831 7.855 7.848 7.792 7.838 7.852 7.863 7.861 5.974 6.463 7.021 7.414 7.769 6.531 7.027 7.425 7.717 7.931 6.72 6.452 7.06 6.728 6.542 7.088 4.475 5.145 0.0
80000.0 7.0 0.449 0.607 -6.079 5.021 6.346 6.686 6.842 7.042 7.463 7.585 7.684 7.349 7.442 7.556 7.662 7.731 7.755 7.748 7.694 7.738 7.752 7.762 7.761 5.864 6.358 6.918 7.312 7.667 6.427 6.924 7.323 7.616 7.83 6.616 6.347 6.958 6.624 6.437 6.986 4.35 5.028 0.0
85000.0 7.0 0.465 0.304 -6.285 4.918 6.247 6.589 6.746 6.947 7.369 7.492 7.591 7.255 7.348 7.462 7.568 7.638 7.661 7.655 7.604 7.644 7.659 7.669 7.667 5.761 6.26 6.822 7.217 7.573 6.329 6.828 7.228 7.521 7.735 6.518 6.248 6.863 6.526 6.339 6.89 4.234 4.919 0.0
90000.0 7.0 0.482 0.017 -6.479 4.819 6.152 6.496 6.653 6.855 7.278 7.401 7.501 7.164 7.258 7.372 7.478 7.548 7.571 7.565 7.517 7.554 7.569 7.579 7.577 5.662 6.166 6.73 7.125 7.481 6.235 6.735 7.136 7.429 7.644 6.425 6.153 6.771 6.433 6.244 6.798 4.123 4.814 0.0
100000.0 7.0 0.513 -0.507 -6.835 4.641 5.979 6.328 6.486 6.69 7.115 7.239 7.338 6.999 7.094 7.209 7.316 7.386 7.409 7.406 7.363 7.392 7.407 7.417 7.417 5.484 5.995 6.562 6.959 7.316 6.065 6.568 6.97 7.264 7.479 6.255 5.981 6.605 6.263 6.073 6.632 3.923 4.626 0.0
110000.0 7.0 0.544 -0.986 -7.156 4.475 5.818 6.17 6.33 6.535 6.962 7.086 7.187 6.846 6.941 7.057 7.164 7.235 7.259 7.258 7.221 7.241 7.256 7.267 7.267 5.318 5.835 6.406 6.804 7.162 5.905 6.411 6.814 7.109 7.325 6.097 5.821 6.449 6.104 5.913 6.477 3.738 4.451 0.0
120000.0 7.0 0.584 -1.44 -7.448 4.306 5.653 6.008 6.169 6.375 6.804 6.93 7.031 6.687 6.784 6.9 7.008 7.08 7.104 7.106 7.075 7.086 7.101 7.112 7.114 5.149 5.671 6.244 6.644 7.002 5.742 6.25 6.654 6.95 7.166 5.934 5.656 6.289 5.941 5.749 6.317 3.553 4.274 0.0
130000.0 7.0 0.621 -1.855 -7.716 4.153 5.504 5.862 6.023 6.231 6.662 6.788 6.89 6.544 6.641 6.759 6.868 6.94 6.965 6.971 6.944 6.946 6.962 6.974 6.977 4.997 5.523 6.099 6.499 6.859 5.594 6.104 6.51 6.806 7.023 5.787 5.508 6.145 5.794 5.601 6.172 3.385 4.115 0.0
140000.0 7.0 0.653 -2.231 -7.964 4.02 5.374 5.734 5.896 6.105 6.538 6.665 6.768 6.419 6.517 6.636 6.745 6.818 6.844 6.854 6.832 6.825 6.841 6.854 6.858 4.863 5.393 5.971 6.373 6.733 5.465 5.977 6.384 6.681 6.898 5.658 5.378 6.018 5.666 5.471 6.046 3.238 3.975 0.0
150000.0 7.0 0.685 -2.582 -8.195 3.894 5.25 5.612 5.776 5.986 6.42 6.548 6.652 6.301 6.4 6.519 6.629 6.703 6.73 6.744 6.726 6.71 6.727 6.741 6.746 4.737 5.271 5.851 6.253 6.614 5.343 5.856 6.264 6.562 6.779 5.536 5.255 5.899 5.544 5.348 5.926 3.1 3.843 0.0
1500.0 7.5 0.317 19.505 1.061 23.257 20.905 18.444 18.248 20.388 20.538 20.377 22.44 20.55 20.467 20.222 22.411 17.231 16.518 15.656 14.715 16.897 16.506 16.584 16.242 24.274 19.698 18.102 20.517 20.215 19.321 18.18 20.588 20.283 20.081 18.887 18.841 19.151 18.925 18.846 19.215 58.691 34.198 15520.0
1750.0 7.5 0.317 18.835 0.859 22.52 20.371 17.976 17.595 18.999 19.346 19.412 21.075 19.375 19.269 19.274 21.042 16.695 16.056 15.297 14.471 16.398 16.049 16.082 15.786 23.524 19.211 17.492 19.214 19.031 18.848 17.555 19.267 19.045 19.035 18.234 18.301 18.158 18.266 18.306 18.21 56.63 33.115 13520.0
2000.0 7.5 0.317 18.255 0.636 21.904 19.91 17.619 17.082 17.874 18.319 18.564 19.859 18.37 18.242 18.444 19.819 16.217 15.65 14.95 14.227 15.956 15.648 15.637 15.363 22.879 18.818 17.045 18.155 18.051 18.47 17.085 18.191 18.032 18.151 17.688 17.897 17.354 17.713 17.901 17.393 54.8 32.098 11860.0
2250.0 7.5 0.317 17.743 0.405 21.354 19.505 17.338 16.676 16.974 17.418 17.787 18.743 17.497 17.345 17.684 18.7 15.768 15.268 14.613 13.98 15.543 15.27 15.22 14.966 22.297 18.474 16.722 17.31 17.248 18.148 16.741 17.335 17.212 17.401 17.222 17.59 16.699 17.242 17.595 16.728 53.126 31.212 10500.0
2500.0 7.5 0.317 17.285 0.204 20.86 19.144 17.081 16.329 16.262 16.707 17.149 17.806 16.79 16.641 17.06 17.765 15.383 14.937 14.315 13.756 15.191 14.943 14.859 14.623 21.779 18.167 16.458 16.649 16.601 17.856 16.462 16.663 16.554 16.784 16.812 17.325 16.16 16.827 17.33 16.182 51.684 30.437 9379.0
2750.0 7.5 0.317 16.87 0.013 20.411 18.82 16.857 16.042 15.683 16.046 16.531 17.017 16.122 15.987 16.456 16.978 15.017 14.628 14.046 13.54 14.854 14.636 14.54 14.321 21.309 17.892 16.246 16.132 16.05 17.597 16.24 16.137 16.005 16.222 16.457 17.099 15.712 16.471 17.104 15.727 50.225 29.669 8470.0
3000.0 7.5 0.318 16.492 -0.152 19.964 18.502 16.644 15.797 15.238 15.449 15.951 16.327 15.511 15.398 15.884 16.291 14.678 14.343 13.792 13.329 14.54 14.351 14.248 14.042 20.848 17.624 16.056 15.74 15.603 17.346 16.045 15.738 15.57 15.726 16.152 16.886 15.347 16.166 16.892 15.359 48.723 28.899 7689.0
3250.0 7.5 0.318 16.143 -0.284 19.507 18.174 16.427 15.58 14.911 14.899 15.365 15.631 14.959 14.854 15.307 15.598 14.324 14.04 13.514 13.101 14.212 14.05 13.937 13.742 20.384 17.348 15.871 15.447 15.256 17.087 15.858 15.441 15.243 15.31 15.891 16.67 15.058 15.907 16.677 15.068 47.143 28.089 6964.0
3500.0 7.5 0.318 15.82 -0.379 19.025 17.832 16.199 15.379 14.67 14.4 14.784 14.982 14.495 14.359 14.735 14.951 13.97 13.733 13.233 12.873 13.88 13.743 13.627 13.439 19.898 17.059 15.679 15.22 14.994 16.815 15.667 15.211 15.001 14.984 15.662 16.443 14.828 15.681 16.45 14.837 45.361 27.209 6186.0
3750.0 7.5 0.319 15.519 -0.44 18.521 17.473 15.959 15.181 14.475 13.989 14.224 14.347 14.156 13.948 14.184 14.318 13.602 13.401 12.945 12.662 13.531 13.411 13.295 13.122 19.391 16.754 15.478 15.025 14.79 16.529 15.466 15.016 14.809 14.744 15.45 16.201 14.63 15.47 16.209 14.641 43.228 26.275 5285.0
4000.0 7.5 0.319 15.236 -0.469 17.982 17.09 15.705 14.976 14.294 13.68 13.715 13.749 13.917 13.637 13.684 13.719 13.228 13.051 12.679 12.51 13.174 13.061 12.952 12.807 18.848 16.43 15.264 14.837 14.612 16.225 15.253 14.829 14.634 14.552 15.236 15.942 14.444 15.257 15.951 14.455 40.65 25.269 4499.0
4250.0 7.5 0.32 14.971 -0.455 17.387 16.673 15.425 14.751 14.106 13.457 13.299 13.278 13.728 13.413 13.274 13.247 12.908 12.753 12.494 12.42 12.866 12.762 12.669 12.565 18.247 16.075 15.027 14.638 14.434 15.892 15.017 14.63 14.455 14.376 15.004 15.652 14.248 15.025 15.662 14.259 36.582 24.081 3847.0
4500.0 7.5 0.321 14.719 -0.4 16.757 16.226 15.119 14.503 13.901 13.281 12.997 12.947 13.551 13.237 12.978 12.916 12.67 12.544 12.383 12.347 12.637 12.551 12.483 12.42 17.609 15.691 14.764 14.419 14.244 15.53 14.756 14.412 14.262 14.195 14.747 15.331 14.034 14.767 15.343 14.046 32.569 22.972 3311.0
4750.0 7.5 0.323 14.478 -0.33 16.15 15.787 14.808 14.248 13.692 13.122 12.786 12.699 13.377 13.079 12.77 12.668 12.492 12.401 12.302 12.283 12.47 12.406 12.361 12.324 16.996 15.308 14.495 14.196 14.051 15.167 14.488 14.19 14.065 14.013 14.481 15.003 13.814 14.502 15.017 13.828 29.659 21.963 2814.0
5000.0 7.5 0.326 14.245 -0.26 15.569 15.367 14.505 13.997 13.486 12.969 12.628 12.528 13.206 12.927 12.613 12.497 12.366 12.3 12.232 12.221 12.35 12.303 12.272 12.246 16.409 14.939 14.231 13.975 13.86 14.817 14.225 13.97 13.87 13.834 14.219 14.681 13.598 14.239 14.697 13.612 28.352 20.986 2223.0
5250.0 7.5 0.33 14.02 -0.203 15.022 14.98 14.223 13.762 13.293 12.826 12.499 12.406 13.046 12.786 12.484 12.375 12.27 12.218 12.169 12.163 12.257 12.22 12.197 12.178 15.856 14.597 13.985 13.769 13.682 14.491 13.98 13.765 13.688 13.665 13.97 14.378 13.396 13.99 14.396 13.411 27.287 20.125 1786.0
5500.0 7.5 0.333 13.808 -0.163 14.522 14.635 13.971 13.552 13.12 12.698 12.389 12.307 12.902 12.658 12.373 12.277 12.19 12.149 12.115 12.114 12.18 12.15 12.133 12.12 15.351 14.292 13.765 13.584 13.521 14.201 13.761 13.581 13.524 13.515 13.745 14.103 13.214 13.765 14.125 13.23 26.366 19.295 1564.0
6000.0 7.5 0.338 13.414 -0.129 13.712 14.066 13.543 13.196 12.827 12.479 12.202 12.149 12.659 12.441 12.184 12.119 12.064 12.041 12.032 12.031 12.058 12.041 12.034 12.031 14.54 13.78 13.392 13.272 13.251 13.712 13.389 13.27 13.249 13.26 13.36 13.635 12.907 13.379 13.663 12.924 24.943 17.66 1270.0
6500.0 7.5 0.341 13.057 -0.13 13.124 13.612 13.187 12.897 12.583 12.298 12.053 12.023 12.456 12.262 12.035 11.995 11.966 11.957 11.962 11.95 11.962 11.956 11.958 11.96 13.954 13.363 13.08 13.01 13.025 13.31 13.078 13.01 13.018 13.047 13.036 13.248 12.65 13.054 13.28 12.667 23.529 16.315 1048.0
7000.0 7.5 0.343 12.727 -0.148 12.671 13.232 12.876 12.633 12.364 12.139 11.93 11.918 12.274 12.105 11.91 11.891 11.879 11.88 11.886 11.871 11.878 11.879 11.884 11.888 13.503 13.008 12.805 12.777 12.823 12.966 12.804 12.777 12.811 12.857 12.751 12.915 12.42 12.768 12.951 12.438 22.104 15.331 876.6
7500.0 7.5 0.345 12.421 -0.175 12.303 12.901 12.596 12.393 12.164 11.995 11.821 11.824 12.108 11.963 11.8 11.797 11.797 11.804 11.81 11.795 11.798 11.803 11.809 11.812 13.137 12.694 12.555 12.564 12.637 12.66 12.555 12.565 12.622 12.683 12.492 12.62 12.21 12.509 12.658 12.229 20.554 14.589 739.4
8000.0 7.5 0.348 12.134 -0.205 11.995 12.605 12.339 12.171 11.979 11.863 11.723 11.737 11.955 11.834 11.701 11.711 11.718 11.729 11.736 11.724 11.72 11.729 11.735 11.738 12.83 12.41 12.326 12.366 12.467 12.381 12.326 12.369 12.448 12.523 12.254 12.352 12.016 12.272 12.391 12.035 19.045 14.003 628.2
8500.0 7.5 0.35 11.864 -0.235 11.729 12.336 12.098 11.964 11.807 11.741 11.633 11.656 11.813 11.714 11.61 11.63 11.643 11.656 11.666 11.656 11.645 11.656 11.663 11.667 12.567 12.149 12.112 12.183 12.309 12.124 12.112 12.186 12.287 12.375 12.033 12.106 11.836 12.05 12.146 11.856 17.787 13.522 536.9
9000.0 7.5 0.352 11.609 -0.263 11.494 12.088 11.872 11.77 11.647 11.627 11.55 11.58 11.681 11.603 11.525 11.554 11.569 11.586 11.598 11.59 11.572 11.586 11.593 11.598 12.335 11.906 11.912 12.012 12.163 11.884 11.912 12.016 12.138 12.239 11.826 11.878 11.668 11.843 11.918 11.689 16.764 13.112 461.3
9500.0 7.5 0.354 11.367 -0.292 11.283 11.859 11.659 11.589 11.5 11.522 11.472 11.509 11.558 11.5 11.447 11.482 11.499 11.517 11.532 11.527 11.502 11.518 11.525 11.531 12.126 11.68 11.725 11.852 12.029 11.66 11.725 11.857 12.001 12.114 11.633 11.665 11.513 11.65 11.706 11.534 15.898 12.751 398.0
10000.0 7.5 0.356 11.137 -0.328 11.09 11.65 11.465 11.425 11.367 11.427 11.402 11.443 11.448 11.407 11.376 11.416 11.432 11.451 11.468 11.467 11.436 11.453 11.459 11.465 11.936 11.474 11.556 11.709 11.909 11.456 11.556 11.715 11.878 12.003 11.456 11.472 11.374 11.474 11.512 11.395 15.04 12.428 344.6
10500.0 7.5 0.359 10.918 -0.38 10.92 11.469 11.299 11.286 11.256 11.346 11.341 11.385 11.355 11.328 11.315 11.358 11.373 11.391 11.409 11.413 11.376 11.392 11.397 11.404 11.767 11.296 11.411 11.588 11.808 11.279 11.411 11.595 11.775 11.908 11.305 11.304 11.256 11.322 11.344 11.278 14.075 12.143 299.1
11000.0 7.5 0.361 10.71 -0.454 10.772 11.318 11.163 11.173 11.168 11.28 11.29 11.335 11.28 11.263 11.263 11.308 11.323 11.34 11.36 11.366 11.326 11.342 11.347 11.354 11.62 11.148 11.294 11.492 11.728 11.134 11.295 11.499 11.693 11.833 11.18 11.166 11.161 11.198 11.207 11.184 13.234 11.894 260.0
11500.0 7.5 0.363 10.51 -0.548 10.652 11.197 11.058 11.087 11.1 11.229 11.248 11.294 11.222 11.213 11.221 11.267 11.282 11.299 11.32 11.328 11.285 11.3 11.306 11.313 11.501 11.031 11.204 11.419 11.666 11.019 11.205 11.426 11.63 11.774 11.083 11.056 11.089 11.101 11.098 11.111 12.541 11.682 226.2
12000.0 7.5 0.365 10.32 -0.662 10.559 11.106 10.982 11.024 11.05 11.191 11.215 11.26 11.179 11.174 11.188 11.233 11.248 11.264 11.286 11.296 11.25 11.266 11.271 11.28 11.408 10.944 11.139 11.366 11.62 10.934 11.14 11.374 11.584 11.73 11.011 10.975 11.036 11.029 11.017 11.059 11.965 11.512 196.9
12500.0 7.5 0.367 10.137 -0.771 10.461 11.015 10.908 10.962 11.0 11.151 11.179 11.225 11.135 11.134 11.152 11.198 11.213 11.23 11.254 11.265 11.216 11.232 11.238 11.247 11.31 10.858 11.074 11.313 11.572 10.85 11.075 11.321 11.535 11.684 10.94 10.894 10.982 10.958 10.937 11.005 11.581 11.347 171.5
13000.0 7.5 0.368 9.962 -0.87 10.35 10.92 10.832 10.896 10.944 11.106 11.139 11.187 11.085 11.089 11.112 11.16 11.178 11.195 11.221 11.233 11.181 11.197 11.204 11.213 11.199 10.769 11.005 11.254 11.519 10.764 11.006 11.262 11.482 11.633 10.864 10.809 10.923 10.882 10.853 10.946 11.301 11.183 149.3
13500.0 7.5 0.37 9.793 -0.966 10.235 10.827 10.759 10.829 10.887 11.06 11.098 11.148 11.035 11.043 11.071 11.121 11.141 11.16 11.188 11.2 11.144 11.161 11.169 11.179 11.084 10.683 10.937 11.195 11.464 10.681 10.938 11.202 11.427 11.58 10.789 10.726 10.862 10.807 10.771 10.886 11.071 11.027 130.0
14000.0 7.5 0.372 9.629 -1.061 10.122 10.739 10.69 10.765 10.831 11.014 11.057 11.109 10.984 10.998 11.03 11.082 11.105 11.125 11.154 11.168 11.109 11.126 11.135 11.146 10.971 10.602 10.871 11.136 11.41 10.603 10.873 11.144 11.372 11.528 10.718 10.646 10.803 10.735 10.692 10.827 10.867 10.878 113.2
14500.0 7.5 0.374 9.472 -1.153 10.013 10.656 10.625 10.704 10.776 10.97 11.017 11.07 10.936 10.953 10.989 11.044 11.069 11.09 11.121 11.135 11.073 11.091 11.1 11.112 10.861 10.525 10.809 11.08 11.358 10.529 10.81 11.088 11.319 11.477 10.649 10.57 10.745 10.666 10.617 10.769 10.681 10.735 98.72
15000.0 7.5 0.376 9.319 -1.243 9.907 10.576 10.562 10.645 10.723 10.926 10.977 11.033 10.888 10.909 10.949 11.006 11.034 11.056 11.089 11.104 11.038 11.057 11.067 11.079 10.755 10.452 10.748 11.025 11.307 10.459 10.75 11.034 11.267 11.427 10.583 10.497 10.69 10.6 10.545 10.714 10.507 10.598 86.27
15500.0 7.5 0.378 9.171 -1.33 9.805 10.501 10.501 10.587 10.671 10.883 10.937 10.995 10.842 10.866 10.91 10.969 11.0 11.023 11.057 11.073 11.004 11.023 11.034 11.046 10.653 10.381 10.689 10.972 11.257 10.391 10.691 10.981 11.217 11.379 10.52 10.427 10.636 10.537 10.476 10.66 10.342 10.466 75.6
16000.0 7.5 0.379 9.028 -1.414 9.706 10.428 10.442 10.532 10.621 10.842 10.899 10.959 10.797 10.825 10.871 10.933 10.965 10.989 11.025 11.042 10.97 10.99 11.001 11.014 10.554 10.314 10.633 10.92 11.208 10.326 10.635 10.929 11.168 11.332 10.459 10.359 10.583 10.475 10.41 10.608 10.186 10.339 66.47
16500.0 7.5 0.381 8.889 -1.496 9.611 10.358 10.386 10.478 10.571 10.801 10.861 10.923 10.753 10.784 10.833 10.897 10.932 10.957 10.994 11.012 10.937 10.957 10.969 10.983 10.459 10.249 10.578 10.87 11.16 10.264 10.58 10.878 11.12 11.286 10.399 10.293 10.532 10.415 10.345 10.557 10.036 10.217 58.66
17000.0 7.5 0.383 8.754 -1.576 9.52 10.291 10.33 10.425 10.523 10.76 10.823 10.887 10.71 10.743 10.795 10.862 10.899 10.925 10.964 10.983 10.904 10.925 10.937 10.952 10.367 10.187 10.524 10.82 11.114 10.203 10.526 10.829 11.073 11.241 10.342 10.23 10.482 10.358 10.283 10.507 9.894 10.099 51.97
20000.0 7.5 0.394 8.017 -2.008 9.032 9.928 10.025 10.135 10.256 10.535 10.612 10.687 10.47 10.518 10.583 10.662 10.711 10.743 10.794 10.823 10.717 10.742 10.759 10.778 9.877 9.846 10.229 10.547 10.855 9.872 10.232 10.556 10.811 10.99 10.025 9.882 10.206 10.04 9.942 10.231 9.143 9.476 27.02
25000.0 7.5 0.412 7.001 -2.586 8.374 9.418 9.588 9.716 9.867 10.2 10.297 10.387 10.117 10.183 10.267 10.364 10.432 10.475 10.549 10.588 10.44 10.474 10.498 10.526 9.219 9.364 9.804 10.149 10.477 9.403 9.808 10.159 10.43 10.623 9.572 9.389 9.806 9.584 9.458 9.832 8.165 8.651 11.34
30000.0 7.5 0.428 6.166 -3.007 7.792 8.946 9.174 9.316 9.489 9.865 9.978 10.082 9.767 9.848 9.949 10.06 10.143 10.192 10.267 10.294 10.153 10.19 10.218 10.246 8.635 8.916 9.399 9.765 10.107 8.964 9.404 9.776 10.058 10.262 9.143 8.928 9.419 9.154 9.005 9.446 7.413 7.962 5.633
35000.0 7.5 0.444 5.458 -3.376 7.344 8.567 8.834 8.981 9.164 9.561 9.679 9.783 9.455 9.542 9.65 9.76 9.842 9.88 9.915 9.892 9.851 9.878 9.898 9.912 8.187 8.552 9.062 9.438 9.785 8.608 9.066 9.448 9.735 9.943 8.79 8.555 9.089 8.8 8.637 9.116 6.907 7.471 2.907
40000.0 7.5 0.46 4.841 -3.767 7.066 8.321 8.608 8.758 8.946 9.351 9.472 9.574 9.243 9.333 9.442 9.552 9.63 9.665 9.688 9.65 9.639 9.662 9.68 9.689 7.908 8.314 8.837 9.219 9.569 8.373 8.842 9.229 9.518 9.728 8.557 8.312 8.868 8.566 8.397 8.895 6.581 7.165 1.606
45000.0 7.5 0.475 4.294 -4.143 6.863 8.138 8.438 8.589 8.781 9.191 9.312 9.414 9.081 9.172 9.282 9.391 9.468 9.5 9.514 9.467 9.476 9.497 9.513 9.52 7.706 8.136 8.668 9.053 9.404 8.197 8.673 9.063 9.353 9.564 8.382 8.131 8.701 8.391 8.217 8.728 6.339 6.941 0.9101
50000.0 7.5 0.488 3.806 -4.493 6.702 7.99 8.299 8.452 8.645 9.059 9.18 9.282 8.948 9.039 9.151 9.259 9.334 9.364 9.373 9.32 9.342 9.361 9.377 9.381 7.544 7.991 8.53 8.917 9.27 8.054 8.535 8.928 9.218 9.43 8.24 7.985 8.565 8.249 8.072 8.592 6.146 6.764 0.6132
55000.0 7.5 0.503 3.36 -4.815 6.56 7.858 8.175 8.328 8.524 8.94 9.061 9.162 8.827 8.92 9.032 9.14 9.214 9.242 9.246 9.19 9.221 9.239 9.254 9.256 7.403 7.862 8.406 8.795 9.148 7.926 8.411 8.806 9.097 9.309 8.113 7.854 8.442 8.122 7.942 8.47 5.977 6.609 0.5035
60000.0 7.5 0.517 2.952 -5.112 6.435 7.741 8.064 8.218 8.415 8.833 8.955 9.056 8.72 8.813 8.926 9.033 9.106 9.134 9.134 9.076 9.113 9.131 9.144 9.145 7.278 7.748 8.296 8.686 9.04 7.813 8.301 8.697 8.988 9.202 8.0 7.738 8.333 8.009 7.827 8.36 5.829 6.473 0.3882
65000.0 7.5 0.529 2.58 -5.386 6.326 7.639 7.966 8.121 8.32 8.739 8.861 8.962 8.626 8.719 8.832 8.939 9.012 9.038 9.036 8.978 9.019 9.035 9.048 9.048 7.169 7.647 8.199 8.59 8.945 7.713 8.204 8.601 8.893 9.107 7.901 7.637 8.237 7.909 7.726 8.264 5.7 6.354 0.2709
70000.0 7.5 0.543 2.229 -5.641 6.22 7.538 7.87 8.026 8.225 8.646 8.768 8.868 8.532 8.625 8.739 8.846 8.918 8.944 8.94 8.882 8.925 8.941 8.953 8.952 7.063 7.548 8.103 8.495 8.85 7.615 8.108 8.506 8.799 9.012 7.803 7.537 8.142 7.811 7.627 8.169 5.576 6.24 0.2632
75000.0 7.5 0.559 1.898 -5.878 6.118 7.441 7.776 7.932 8.133 8.554 8.677 8.778 8.44 8.534 8.648 8.755 8.827 8.852 8.847 8.79 8.833 8.849 8.86 8.859 6.961 7.452 8.009 8.403 8.758 7.519 8.014 8.414 8.706 8.921 7.708 7.44 8.049 7.716 7.531 8.077 5.458 6.13 0.2801
80000.0 7.5 0.573 1.592 -6.1 6.026 7.354 7.692 7.849 8.05 8.473 8.596 8.696 8.359 8.453 8.567 8.674 8.745 8.77 8.764 8.709 8.752 8.767 8.778 8.777 6.87 7.366 7.925 8.32 8.676 7.434 7.931 8.331 8.624 8.839 7.623 7.354 7.966 7.631 7.444 7.994 5.352 6.032 0.2089
85000.0 7.5 0.586 1.303 -6.309 5.94 7.271 7.612 7.769 7.971 8.395 8.519 8.619 8.28 8.375 8.489 8.596 8.667 8.691 8.686 8.633 8.674 8.689 8.7 8.698 6.783 7.284 7.846 8.241 8.598 7.352 7.851 8.252 8.546 8.76 7.542 7.271 7.887 7.55 7.362 7.915 5.252 5.939 0.147
90000.0 7.5 0.602 1.026 -6.505 5.853 7.187 7.531 7.689 7.892 8.316 8.44 8.54 8.201 8.296 8.411 8.518 8.589 8.612 8.607 8.556 8.595 8.61 8.62 8.619 6.696 7.201 7.765 8.161 8.518 7.27 7.77 8.172 8.466 8.681 7.46 7.188 7.807 7.468 7.279 7.834 5.153 5.847 0.1079
100000.0 7.5 0.63 0.519 -6.865 5.696 7.036 7.384 7.543 7.747 8.173 8.298 8.398 8.058 8.153 8.268 8.376 8.446 8.47 8.465 8.419 8.453 8.467 8.478 8.477 6.539 7.052 7.619 8.016 8.374 7.121 7.624 8.027 8.322 8.537 7.312 7.037 7.662 7.32 7.129 7.689 4.975 5.68 0.0
110000.0 7.5 0.658 0.058 -7.19 5.552 6.896 7.248 7.408 7.613 8.041 8.166 8.267 7.925 8.021 8.137 8.244 8.315 8.338 8.336 8.294 8.321 8.336 8.346 8.346 6.395 6.913 7.483 7.882 8.24 6.983 7.489 7.893 8.188 8.404 7.175 6.898 7.528 7.182 6.991 7.555 4.812 5.527 0.0
120000.0 7.5 0.685 -0.364 -7.485 5.418 6.766 7.121 7.282 7.489 7.918 8.044 8.144 7.801 7.898 8.014 8.122 8.193 8.217 8.216 8.179 8.199 8.214 8.225 8.225 6.261 6.785 7.357 7.757 8.116 6.855 7.363 7.768 8.064 8.28 7.047 6.769 7.403 7.055 6.862 7.43 4.662 5.386 0.0
130000.0 7.5 0.712 -0.753 -7.756 5.294 6.645 7.003 7.165 7.372 7.803 7.929 8.03 7.686 7.782 7.9 8.008 8.079 8.103 8.106 8.074 8.086 8.101 8.112 8.113 6.137 6.664 7.24 7.64 8.0 6.736 7.245 7.651 7.948 8.164 6.928 6.649 7.286 6.936 6.742 7.313 4.524 5.255 0.0
140000.0 7.5 0.735 -1.11 -8.006 5.181 6.535 6.895 7.058 7.266 7.698 7.825 7.927 7.58 7.678 7.796 7.904 7.976 8.001 8.007 7.979 7.983 7.998 8.01 8.013 6.024 6.555 7.133 7.534 7.895 6.627 7.138 7.545 7.842 8.059 6.82 6.539 7.179 6.827 6.632 7.207 4.398 5.136 0.0
150000.0 7.5 0.755 -1.439 -8.237 5.08 6.437 6.799 6.962 7.172 7.605 7.732 7.835 7.487 7.585 7.703 7.812 7.885 7.91 7.919 7.896 7.891 7.907 7.92 7.924 5.923 6.457 7.037 7.439 7.8 6.529 7.043 7.45 7.748 7.965 6.723 6.441 7.085 6.73 6.535 7.112 4.285 5.029 0.0
1500.0 8.0 0.575 20.108 1.125 23.642 21.363 18.983 18.896 21.231 21.249 20.976 22.726 21.32 21.178 20.835 22.699 17.768 17.037 16.182 15.266 17.445 17.031 17.071 16.745 24.664 20.175 18.745 21.353 21.022 19.812 18.823 21.427 21.1 20.862 19.498 19.42 19.917 19.539 19.426 19.984 58.783 34.56 15480.0
1750.0 8.0 0.575 19.438 0.938 22.947 20.829 18.5 18.207 19.793 20.096 20.091 21.537 20.134 20.019 19.96 21.505 17.295 16.636 15.865 15.051 17.004 16.633 16.635 16.345 23.951 19.704 18.091 19.997 19.798 19.348 18.157 20.053 19.819 19.783 18.834 18.856 18.876 18.868 18.861 18.93 56.659 33.396 14730.0
2000.0 8.0 0.575 18.858 0.712 22.323 20.367 18.146 17.675 18.611 19.056 19.266 20.438 19.102 18.978 19.147 20.4 16.849 16.263 15.548 14.83 16.59 16.263 16.233 15.961 23.291 19.31 17.618 18.88 18.773 18.972 17.665 18.919 18.757 18.865 18.28 18.439 18.029 18.307 18.444 18.071 54.812 32.419 14050.0
2250.0 8.0 0.575 18.346 0.512 21.766 19.963 17.834 17.237 17.677 18.22 18.617 19.587 18.239 18.146 18.507 19.545 16.491 15.965 15.291 14.642 16.259 15.967 15.915 15.656 22.712 18.953 17.256 17.993 17.943 18.631 17.281 18.02 17.907 18.095 17.794 18.1 17.341 17.816 18.105 17.373 53.171 31.517 13410.0
2500.0 8.0 0.575 17.889 0.297 21.312 19.632 17.592 16.891 16.95 17.412 17.841 18.552 17.493 17.345 17.752 18.511 16.041 15.589 14.965 14.393 15.844 15.593 15.518 15.28 22.235 18.669 16.99 17.314 17.286 18.362 16.999 17.331 17.239 17.47 17.393 17.842 16.796 17.41 17.847 16.82 51.812 30.791 12800.0
2750.0 8.0 0.575 17.475 0.105 20.875 19.315 17.37 16.597 16.342 16.747 17.228 17.772 16.822 16.687 17.15 17.733 15.683 15.287 14.703 14.183 15.513 15.294 15.205 14.984 21.778 18.397 16.772 16.765 16.716 18.105 16.77 16.773 16.667 16.899 17.033 17.615 16.331 17.047 17.621 16.348 50.407 30.061 12230.0
3000.0 8.0 0.575 17.096 -0.062 20.451 19.007 17.159 16.344 15.864 16.15 16.657 17.079 16.209 16.097 16.588 17.044 15.348 15.005 14.451 13.975 15.205 15.013 14.915 14.708 21.339 18.134 16.58 16.342 16.244 17.857 16.572 16.342 16.204 16.392 16.719 17.404 15.947 16.733 17.409 15.96 48.981 29.327 11680.0
3250.0 8.0 0.575 16.749 -0.198 20.014 18.693 16.946 16.121 15.505 15.597 16.091 16.418 15.644 15.551 16.03 16.385 15.014 14.722 14.191 13.758 14.895 14.731 14.624 14.427 20.892 17.867 16.396 16.023 15.868 17.606 16.384 16.018 15.846 15.952 16.448 17.192 15.638 16.463 17.198 15.648 47.462 28.546 11140.0
3500.0 8.0 0.576 16.426 -0.299 19.551 18.362 16.726 15.919 15.243 15.092 15.528 15.784 15.156 15.051 15.475 15.754 14.675 14.431 13.92 13.535 14.578 14.44 14.328 14.137 20.425 17.587 16.209 15.78 15.584 17.343 16.198 15.773 15.582 15.6 16.214 16.972 15.393 16.231 16.979 15.403 45.786 27.718 10600.0
3750.0 8.0 0.576 16.126 -0.365 19.071 18.015 16.491 15.721 15.037 14.66 14.978 15.157 14.784 14.621 14.934 15.128 14.323 14.115 13.638 13.321 14.246 14.125 14.01 13.829 19.942 17.291 16.012 15.579 15.366 17.064 16.001 15.57 15.378 15.337 15.998 16.736 15.189 16.018 16.744 15.199 43.967 26.836 10030.0
4000.0 8.0 0.576 15.845 -0.4 18.557 17.646 16.246 15.522 14.855 14.32 14.464 14.566 14.517 14.279 14.428 14.538 13.964 13.783 13.367 13.15 13.904 13.792 13.681 13.52 19.424 16.978 15.806 15.393 15.182 16.77 15.796 15.384 15.201 15.133 15.788 16.485 15.002 15.809 16.494 15.014 41.802 25.888 9411.0
4250.0 8.0 0.577 15.581 -0.403 18.003 17.253 15.984 15.312 14.677 14.074 14.019 14.042 14.319 14.031 13.99 14.012 13.621 13.459 13.151 13.045 13.575 13.468 13.368 13.245 18.864 16.644 15.585 15.205 15.011 16.457 15.576 15.197 15.03 14.958 15.57 16.215 14.817 15.59 16.225 14.829 38.473 24.871 8768.0
4500.0 8.0 0.577 15.331 -0.369 17.41 16.834 15.7 15.084 14.488 13.889 13.675 13.655 14.148 13.847 13.652 13.626 13.349 13.212 13.017 12.972 13.313 13.22 13.142 13.064 18.265 16.286 15.344 15.004 14.834 16.12 15.336 14.997 14.851 14.788 15.332 15.918 14.62 15.353 15.93 14.632 34.462 23.739 8023.0
4750.0 8.0 0.578 15.095 -0.313 16.812 16.411 15.408 14.846 14.293 13.734 13.436 13.372 13.983 13.692 13.417 13.342 13.147 13.044 12.928 12.906 13.121 13.049 12.998 12.953 17.66 15.92 15.092 14.795 14.654 15.775 15.085 14.79 14.667 14.617 15.083 15.608 14.415 15.104 15.622 14.428 30.704 22.712 7110.0
5000.0 8.0 0.58 14.869 -0.249 16.247 16.004 15.118 14.608 14.099 13.589 13.268 13.179 13.823 13.548 13.252 13.148 13.007 12.934 12.861 12.849 12.989 12.938 12.904 12.876 17.088 15.564 14.842 14.587 14.474 15.438 14.836 14.582 14.484 14.449 14.833 15.3 14.211 14.853 15.316 14.225 29.033 21.724 5956.0
5250.0 8.0 0.582 14.653 -0.193 15.719 15.625 14.846 14.383 13.914 13.454 13.139 13.05 13.671 13.414 13.123 13.019 12.909 12.854 12.802 12.795 12.896 12.856 12.832 12.812 16.555 15.231 14.605 14.39 14.304 15.121 14.6 14.386 14.31 14.289 14.594 15.007 14.017 14.614 15.025 14.032 27.914 20.865 4271.0
5500.0 8.0 0.585 14.447 -0.15 15.232 15.283 14.596 14.176 13.745 13.33 13.031 12.95 13.531 13.29 13.014 12.92 12.831 12.787 12.75 12.749 12.82 12.789 12.77 12.756 16.063 14.928 14.389 14.208 14.148 14.834 14.385 14.205 14.15 14.142 14.373 14.737 13.839 14.393 14.757 13.855 26.98 20.086 3137.0
6000.0 8.0 0.588 14.063 -0.111 14.399 14.71 14.174 13.826 13.458 13.118 12.852 12.796 13.293 13.081 12.834 12.767 12.708 12.682 12.67 12.671 12.701 12.683 12.674 12.669 15.227 14.418 14.022 13.901 13.883 14.348 14.019 13.9 13.88 13.893 13.993 14.272 13.538 14.012 14.299 13.554 25.543 18.566 2333.0
6500.0 8.0 0.59 13.711 -0.115 13.782 14.257 13.826 13.536 13.221 12.943 12.706 12.675 13.097 12.907 12.687 12.647 12.613 12.602 12.606 12.599 12.61 12.602 12.602 12.604 14.61 14.006 13.719 13.648 13.664 13.952 13.717 13.648 13.657 13.687 13.676 13.89 13.289 13.694 13.922 13.306 24.176 17.184 1903.0
7000.0 8.0 0.592 13.386 -0.138 13.314 13.882 13.524 13.282 13.012 12.791 12.586 12.573 12.924 12.757 12.565 12.546 12.532 12.532 12.54 12.526 12.531 12.531 12.536 12.54 14.144 13.658 13.454 13.425 13.471 13.616 13.453 13.425 13.46 13.506 13.4 13.564 13.069 13.417 13.6 13.087 22.86 16.119 1566.0
7500.0 8.0 0.593 13.084 -0.171 12.94 13.559 13.254 13.051 12.82 12.654 12.481 12.483 12.766 12.622 12.46 12.456 12.456 12.462 12.47 12.456 12.456 12.462 12.468 12.472 13.771 13.354 13.215 13.22 13.294 13.32 13.214 13.222 13.279 13.339 13.15 13.277 12.868 13.167 13.315 12.886 21.481 15.322 1313.0
8000.0 8.0 0.595 12.801 -0.207 12.628 13.274 13.007 12.838 12.643 12.529 12.387 12.4 12.619 12.499 12.365 12.374 12.382 12.393 12.401 12.389 12.384 12.392 12.399 12.403 13.461 13.081 12.994 13.031 13.13 13.052 12.994 13.033 13.111 13.186 12.922 13.018 12.682 12.939 13.059 12.701 20.045 14.704 1114.0
8500.0 8.0 0.596 12.535 -0.243 12.36 13.017 12.777 12.64 12.477 12.412 12.3 12.323 12.483 12.385 12.277 12.297 12.31 12.325 12.336 12.326 12.313 12.325 12.332 12.337 13.195 12.831 12.79 12.855 12.978 12.807 12.789 12.858 12.956 13.044 12.71 12.782 12.508 12.727 12.823 12.528 18.755 14.204 955.1
9000.0 8.0 0.597 12.284 -0.277 12.124 12.781 12.562 12.454 12.323 12.304 12.219 12.25 12.357 12.279 12.195 12.224 12.241 12.258 12.273 12.266 12.244 12.259 12.267 12.273 12.961 12.601 12.598 12.69 12.836 12.579 12.598 12.694 12.811 12.912 12.512 12.563 12.347 12.529 12.605 12.367 17.687 13.785 826.8
9500.0 8.0 0.599 12.047 -0.312 11.912 12.563 12.359 12.28 12.18 12.203 12.144 12.182 12.24 12.181 12.119 12.155 12.174 12.194 12.213 12.208 12.177 12.195 12.203 12.211 12.75 12.386 12.419 12.536 12.706 12.366 12.419 12.54 12.678 12.791 12.327 12.36 12.197 12.344 12.402 12.218 16.796 13.42 721.1
10000.0 8.0 0.6 11.822 -0.349 11.719 12.363 12.17 12.12 12.049 12.111 12.074 12.117 12.133 12.091 12.048 12.09 12.11 12.132 12.154 12.153 12.113 12.133 12.141 12.15 12.559 12.189 12.254 12.395 12.587 12.169 12.254 12.4 12.556 12.681 12.156 12.172 12.06 12.173 12.215 12.081 15.998 13.096 633.0
10500.0 8.0 0.602 11.607 -0.394 11.544 12.183 12.002 11.978 11.934 12.029 12.012 12.059 12.04 12.011 11.985 12.032 12.051 12.073 12.097 12.101 12.054 12.075 12.082 12.092 12.385 12.011 12.107 12.27 12.483 11.993 12.107 12.276 12.45 12.585 12.003 12.004 11.939 12.02 12.047 11.961 15.144 12.806 558.5
11000.0 8.0 0.603 11.403 -0.457 11.39 12.03 11.86 11.859 11.839 11.96 11.958 12.009 11.961 11.944 11.932 11.982 12.0 12.022 12.047 12.054 12.003 12.024 12.03 12.04 12.232 11.861 11.984 12.167 12.397 11.844 11.984 12.174 12.362 12.505 11.873 11.86 11.838 11.891 11.905 11.86 14.271 12.552 494.9
11500.0 8.0 0.604 11.207 -0.536 11.255 11.9 11.743 11.762 11.761 11.903 11.913 11.966 11.897 11.887 11.886 11.938 11.957 11.979 12.006 12.016 11.961 11.981 11.988 11.999 12.098 11.734 11.882 12.083 12.327 11.719 11.883 12.09 12.29 12.439 11.766 11.741 11.756 11.783 11.785 11.778 13.556 12.328 440.1
12000.0 8.0 0.606 11.02 -0.627 11.141 11.792 11.648 11.682 11.699 11.857 11.874 11.929 11.845 11.841 11.847 11.902 11.922 11.944 11.972 11.983 11.925 11.946 11.953 11.964 11.985 11.629 11.8 12.016 12.269 11.616 11.8 12.023 12.232 12.385 11.677 11.641 11.689 11.695 11.687 11.712 12.977 12.128 392.5
12500.0 8.0 0.607 10.841 -0.737 11.055 11.71 11.577 11.624 11.653 11.822 11.845 11.9 11.807 11.806 11.817 11.873 11.893 11.914 11.943 11.956 11.896 11.916 11.923 11.935 11.898 11.55 11.74 11.967 12.227 11.538 11.74 11.974 12.189 12.345 11.611 11.567 11.641 11.629 11.613 11.663 12.45 11.967 350.9
13000.0 8.0 0.608 10.668 -0.848 10.976 11.636 11.516 11.574 11.613 11.79 11.817 11.872 11.772 11.774 11.789 11.845 11.865 11.887 11.917 11.93 11.869 11.889 11.896 11.908 11.819 11.48 11.687 11.924 12.19 11.47 11.687 11.932 12.151 12.309 11.553 11.501 11.597 11.571 11.548 11.62 12.059 11.82 314.0
13500.0 8.0 0.609 10.502 -0.95 10.887 11.557 11.452 11.519 11.568 11.755 11.786 11.842 11.733 11.739 11.758 11.815 11.836 11.858 11.889 11.903 11.84 11.86 11.868 11.88 11.731 11.406 11.63 11.877 12.148 11.397 11.63 11.885 12.108 12.269 11.49 11.43 11.55 11.508 11.478 11.573 11.777 11.672 281.3
14000.0 8.0 0.61 10.342 -1.044 10.79 11.475 11.387 11.462 11.52 11.716 11.752 11.809 11.69 11.7 11.724 11.782 11.806 11.828 11.861 11.876 11.81 11.83 11.839 11.851 11.634 11.329 11.57 11.826 12.102 11.323 11.571 11.834 12.062 12.225 11.425 11.357 11.499 11.442 11.405 11.522 11.551 11.529 252.3
14500.0 8.0 0.611 10.188 -1.136 10.691 11.394 11.324 11.405 11.471 11.677 11.717 11.776 11.647 11.661 11.689 11.749 11.775 11.798 11.832 11.848 11.779 11.8 11.809 11.822 11.535 11.254 11.512 11.775 12.056 11.251 11.512 11.784 12.015 12.18 11.36 11.284 11.447 11.377 11.333 11.47 11.357 11.392 226.4
15000.0 8.0 0.613 10.038 -1.226 10.593 11.317 11.264 11.349 11.423 11.638 11.682 11.743 11.604 11.622 11.654 11.716 11.744 11.768 11.804 11.82 11.748 11.77 11.78 11.793 11.437 11.183 11.455 11.725 12.009 11.183 11.456 11.733 11.968 12.136 11.298 11.214 11.395 11.315 11.265 11.419 11.18 11.262 203.1
15500.0 8.0 0.614 9.894 -1.313 10.498 11.244 11.207 11.296 11.376 11.599 11.647 11.71 11.562 11.583 11.619 11.684 11.714 11.739 11.776 11.793 11.718 11.74 11.75 11.764 11.342 11.115 11.4 11.676 11.964 11.118 11.401 11.685 11.923 12.092 11.238 11.147 11.346 11.255 11.199 11.37 11.016 11.137 182.2
16000.0 8.0 0.615 9.754 -1.398 10.405 11.173 11.152 11.244 11.33 11.561 11.613 11.677 11.52 11.545 11.585 11.651 11.684 11.71 11.748 11.766 11.688 11.711 11.722 11.736 11.249 11.051 11.347 11.629 11.92 11.056 11.348 11.637 11.878 12.049 11.18 11.083 11.297 11.197 11.135 11.321 10.862 11.016 163.5
16500.0 8.0 0.616 9.618 -1.48 10.315 11.105 11.098 11.194 11.285 11.524 11.579 11.645 11.48 11.508 11.551 11.619 11.654 11.681 11.72 11.74 11.659 11.682 11.693 11.708 11.159 10.988 11.295 11.582 11.876 10.996 11.297 11.591 11.834 12.006 11.124 11.02 11.25 11.14 11.074 11.274 10.716 10.9 146.6
17000.0 8.0 0.617 9.487 -1.56 10.229 11.041 11.047 11.145 11.241 11.487 11.546 11.614 11.44 11.471 11.517 11.588 11.625 11.653 11.694 11.715 11.63 11.653 11.666 11.682 11.073 10.928 11.245 11.537 11.833 10.938 11.247 11.546 11.791 11.965 11.07 10.96 11.204 11.086 11.015 11.228 10.577 10.788 131.4
20000.0 8.0 0.624 8.769 -1.994 9.764 10.691 10.763 10.875 10.994 11.281 11.355 11.433 11.219 11.265 11.326 11.408 11.458 11.491 11.544 11.574 11.464 11.491 11.507 11.527 10.607 10.603 10.97 11.285 11.595 10.625 10.973 11.294 11.55 11.734 10.772 10.631 10.948 10.787 10.692 10.973 9.848 10.192 65.85
25000.0 8.0 0.635 7.78 -2.572 9.135 10.202 10.353 10.484 10.634 10.973 11.067 11.161 10.891 10.957 11.038 11.137 11.205 11.25 11.325 11.365 11.214 11.249 11.273 11.301 9.977 10.145 10.573 10.915 11.245 10.18 10.576 10.925 11.197 11.394 10.344 10.162 10.575 10.357 10.232 10.601 8.902 9.399 20.26
30000.0 8.0 0.646 6.97 -2.995 8.579 9.75 9.965 10.109 10.281 10.662 10.773 10.879 10.564 10.646 10.744 10.856 10.939 10.989 11.064 11.092 10.95 10.988 11.015 11.043 9.421 9.718 10.193 10.557 10.9 9.764 10.197 10.567 10.85 11.057 9.94 9.725 10.213 9.951 9.803 10.24 8.189 8.743 9.179
35000.0 8.0 0.656 6.284 -3.371 8.163 9.397 9.655 9.803 9.985 10.386 10.503 10.609 10.279 10.368 10.474 10.586 10.669 10.71 10.751 10.736 10.679 10.707 10.729 10.745 9.006 9.381 9.884 10.259 10.607 9.435 9.889 10.269 10.557 10.766 9.614 9.38 9.912 9.624 9.463 9.939 7.719 8.287 5.43
40000.0 8.0 0.666 5.688 -3.766 7.91 9.174 9.454 9.604 9.792 10.201 10.321 10.425 10.092 10.183 10.291 10.403 10.484 10.521 10.551 10.521 10.492 10.518 10.537 10.549 8.753 9.166 9.685 10.065 10.416 9.224 9.689 10.075 10.365 10.576 9.406 9.161 9.716 9.415 9.246 9.743 7.42 8.007 3.626
45000.0 8.0 0.676 5.16 -4.145 7.73 9.011 9.305 9.457 9.649 10.062 10.183 10.287 9.951 10.043 10.154 10.265 10.344 10.378 10.4 10.36 10.352 10.375 10.394 10.402 8.572 9.008 9.537 9.921 10.273 9.069 9.542 9.931 10.222 10.434 9.252 9.001 9.571 9.261 9.088 9.598 7.201 7.806 2.594
50000.0 8.0 0.686 4.687 -4.497 7.586 8.879 9.184 9.337 9.531 9.948 10.07 10.173 9.835 9.929 10.04 10.151 10.228 10.261 10.277 10.23 10.236 10.258 10.275 10.282 8.429 8.88 9.416 9.803 10.156 8.943 9.421 9.813 10.104 10.318 9.127 8.872 9.452 9.136 8.959 9.479 7.026 7.646 1.936
55000.0 8.0 0.695 4.258 -4.821 7.464 8.767 9.079 9.234 9.43 9.849 9.971 10.074 9.735 9.829 9.942 10.052 10.128 10.16 10.171 10.119 10.136 10.156 10.173 10.178 8.307 8.771 9.312 9.701 10.055 8.834 9.317 9.711 10.003 10.217 9.02 8.761 9.349 9.029 8.849 9.376 6.877 7.511 1.494
60000.0 8.0 0.705 3.866 -5.12 7.357 8.667 8.986 9.141 9.339 9.759 9.883 9.985 9.646 9.74 9.853 9.963 10.039 10.069 10.076 10.022 10.046 10.066 10.081 10.084 8.2 8.673 9.219 9.609 9.964 8.738 9.224 9.62 9.913 10.127 8.924 8.663 9.257 8.933 8.752 9.285 6.747 7.393 1.177
65000.0 8.0 0.714 3.504 -5.397 7.26 8.577 8.901 9.057 9.256 9.678 9.802 9.904 9.564 9.658 9.772 9.881 9.957 9.986 9.99 9.934 9.964 9.982 9.997 10.0 8.103 8.585 9.134 9.526 9.882 8.65 9.14 9.537 9.83 10.044 8.837 8.573 9.174 8.846 8.663 9.201 6.63 7.287 0.9411
70000.0 8.0 0.723 3.168 -5.654 7.172 8.493 8.822 8.979 9.179 9.602 9.726 9.828 9.488 9.582 9.697 9.806 9.881 9.909 9.91 9.854 9.888 9.905 9.92 9.921 8.015 8.503 9.056 9.449 9.805 8.569 9.061 9.46 9.753 9.968 8.757 8.491 9.096 8.765 8.581 9.123 6.524 7.19 0.762
75000.0 8.0 0.732 2.855 -5.893 7.09 8.416 8.748 8.906 9.107 9.531 9.655 9.757 9.416 9.511 9.626 9.735 9.809 9.836 9.836 9.78 9.816 9.833 9.847 9.848 7.932 8.426 8.982 9.376 9.733 8.493 8.988 9.387 9.681 9.896 8.682 8.414 9.023 8.69 8.504 9.051 6.426 7.1 0.622
80000.0 8.0 0.742 2.561 -6.117 7.012 8.342 8.678 8.836 9.038 9.464 9.589 9.69 9.348 9.444 9.559 9.668 9.742 9.768 9.767 9.712 9.749 9.765 9.778 9.778 7.855 8.354 8.913 9.308 9.665 8.422 8.918 9.319 9.613 9.828 8.611 8.341 8.955 8.619 8.432 8.982 6.334 7.017 0.5092
85000.0 8.0 0.751 2.284 -6.328 6.94 8.273 8.612 8.771 8.974 9.4 9.525 9.627 9.284 9.38 9.495 9.604 9.678 9.703 9.701 9.647 9.684 9.7 9.713 9.713 7.783 8.286 8.847 9.243 9.6 8.354 8.852 9.254 9.548 9.764 8.544 8.272 8.889 8.552 8.364 8.917 6.249 6.938 0.4167
90000.0 8.0 0.76 2.023 -6.526 6.871 8.207 8.549 8.708 8.912 9.339 9.464 9.566 9.223 9.319 9.435 9.543 9.616 9.642 9.639 9.586 9.623 9.639 9.651 9.651 7.714 8.221 8.784 9.181 9.539 8.29 8.79 9.192 9.486 9.702 8.479 8.207 8.827 8.487 8.299 8.855 6.168 6.863 0.3384
100000.0 8.0 0.778 1.54 -6.89 6.742 8.084 8.43 8.59 8.795 9.224 9.35 9.451 9.107 9.204 9.32 9.429 9.501 9.526 9.523 9.474 9.508 9.523 9.535 9.534 7.585 8.099 8.666 9.064 9.423 8.169 8.671 9.075 9.37 9.586 8.359 8.084 8.71 8.367 8.177 8.738 6.018 6.725 0.2135
110000.0 8.0 0.796 1.101 -7.218 6.623 7.969 8.32 8.481 8.687 9.117 9.243 9.345 9.0 9.097 9.214 9.322 9.395 9.419 9.417 9.371 9.401 9.416 9.428 9.427 7.467 7.986 8.556 8.956 9.315 8.056 8.562 8.967 9.262 9.479 8.248 7.971 8.601 8.255 8.064 8.629 5.881 6.598 0.1217
120000.0 8.0 0.813 0.7 -7.517 6.513 7.863 8.217 8.378 8.586 9.017 9.144 9.245 8.9 8.997 9.114 9.223 9.295 9.319 9.318 9.277 9.301 9.316 9.328 9.328 7.356 7.881 8.454 8.854 9.214 7.951 8.459 8.865 9.161 9.378 8.143 7.865 8.5 8.151 7.958 8.527 5.755 6.48 0.0
130000.0 8.0 0.831 0.329 -7.79 6.41 7.763 8.12 8.282 8.491 8.923 9.05 9.152 8.805 8.903 9.02 9.129 9.201 9.225 9.226 9.189 9.208 9.223 9.234 9.235 7.253 7.782 8.357 8.759 9.119 7.853 8.363 8.77 9.066 9.283 8.045 7.766 8.404 8.053 7.859 8.432 5.638 6.37 0.0
140000.0 8.0 0.846 -0.013 -8.043 6.315 7.67 8.03 8.193 8.402 8.836 8.963 9.065 8.717 8.815 8.934 9.043 9.115 9.139 9.142 9.11 9.121 9.136 9.148 9.15 7.158 7.69 8.268 8.67 9.031 7.762 8.273 8.681 8.978 9.196 7.955 7.674 8.315 7.962 7.767 8.343 5.53 6.269 0.0
150000.0 8.0 0.86 -0.33 -8.277 6.227 7.584 7.946 8.11 8.32 8.755 8.882 8.985 8.636 8.734 8.853 8.962 9.035 9.059 9.065 9.037 9.041 9.057 9.069 9.071 7.07 7.605 8.185 8.588 8.949 7.677 8.19 8.599 8.896 9.114 7.871 7.589 8.233 7.878 7.682 8.261 5.43 6.176 0.0
1500.0 8.5 0.908 20.861 1.168 24.207 21.982 19.694 19.696 22.158 22.125 21.782 23.202 22.21 22.054 21.649 23.175 18.501 17.745 16.868 15.976 18.187 17.746 17.732 17.411 25.235 20.828 19.542 22.274 21.922 20.477 19.618 22.35 22.008 21.744 20.26 20.16 20.797 20.302 20.167 20.866 58.924 35.022 13460.0
1750.0 8.5 0.908 20.192 0.993 23.503 21.425 19.199 18.977 20.748 21.012 20.93 22.145 21.063 20.936 20.805 22.112 18.058 17.377 16.581 15.782 17.773 17.38 17.343 17.051 24.494 20.341 18.85 20.921 20.726 20.002 18.919 20.981 20.755 20.693 19.584 19.572 19.731 19.62 19.578 19.789 56.941 33.889 13320.0
2000.0 8.5 0.908 19.612 0.788 22.91 21.002 18.824 18.431 19.513 19.902 20.064 21.088 19.968 19.825 19.948 21.049 17.604 17.005 16.273 15.567 17.349 17.008 16.952 16.679 23.88 19.951 18.357 19.772 19.655 19.621 18.409 19.814 19.644 19.731 19.029 19.14 18.867 19.058 19.146 18.912 55.052 32.92 13140.0
2250.0 8.5 0.908 19.1 0.579 22.385 20.616 18.521 17.982 18.546 19.016 19.37 20.246 19.079 18.942 19.262 20.204 17.233 16.701 16.017 15.38 17.004 16.705 16.637 16.377 23.331 19.62 17.978 18.853 18.8 19.304 18.01 18.883 18.767 18.945 18.545 18.799 18.159 18.569 18.804 18.194 53.445 32.052 12910.0
2500.0 8.5 0.908 18.643 0.379 21.924 20.275 18.263 17.618 17.786 18.246 18.671 19.401 18.331 18.178 18.58 19.36 16.838 16.378 15.75 15.171 16.638 16.383 16.309 16.07 22.85 19.322 17.691 18.133 18.118 19.019 17.705 18.153 18.071 18.301 18.13 18.524 17.587 18.148 18.529 17.614 52.086 31.323 12660.0
2750.0 8.5 0.908 18.229 0.185 21.496 19.967 18.044 17.314 17.156 17.581 18.059 18.618 17.657 17.52 17.98 18.578 16.48 16.077 15.488 14.963 16.308 16.084 15.996 15.774 22.402 19.059 17.464 17.557 17.531 18.77 17.466 17.568 17.482 17.721 17.766 18.295 17.107 17.781 18.3 17.126 50.736 30.594 12450.0
3000.0 8.5 0.908 17.851 0.023 21.086 19.667 17.828 17.048 16.654 16.997 17.501 17.938 17.054 16.943 17.431 17.902 16.153 15.802 15.245 14.762 16.006 15.81 15.713 15.505 21.978 18.799 17.26 17.107 17.046 18.523 17.254 17.11 17.001 17.212 17.443 18.076 16.706 17.457 18.082 16.721 49.401 29.891 12270.0
3250.0 8.5 0.908 17.503 -0.116 20.668 19.363 17.619 16.817 16.264 16.45 16.951 17.295 16.489 16.403 16.889 17.261 15.831 15.53 14.995 14.553 15.707 15.538 15.433 15.234 21.55 18.539 17.074 16.761 16.645 18.278 17.065 16.758 16.615 16.759 17.162 17.866 16.378 17.177 17.873 16.389 47.961 29.163 12090.0
3500.0 8.5 0.908 17.181 -0.222 20.231 19.045 17.403 16.611 15.975 15.942 16.407 16.688 15.983 15.901 16.352 16.658 15.508 15.254 14.739 14.34 15.406 15.263 15.154 14.961 21.106 18.268 16.89 16.498 16.335 18.022 16.879 16.491 16.324 16.381 16.919 17.651 16.116 16.936 17.658 16.126 46.386 28.372 11890.0
3750.0 8.5 0.908 16.881 -0.296 19.768 18.711 17.177 16.415 15.755 15.492 15.871 16.092 15.576 15.454 15.824 16.064 15.176 14.962 14.471 14.127 15.094 14.972 14.859 14.673 20.639 17.982 16.699 16.287 16.098 17.754 16.688 16.279 16.103 16.091 16.701 17.423 15.902 16.72 17.431 15.913 44.652 27.536 11670.0
4000.0 8.5 0.908 16.601 -0.336 19.279 18.353 16.937 16.218 15.568 15.124 15.36 15.517 15.277 15.084 15.32 15.49 14.835 14.649 14.204 13.945 14.769 14.659 14.547 14.375 20.147 17.677 16.497 16.098 15.905 17.467 16.487 16.091 15.919 15.869 16.491 17.179 15.712 16.511 17.188 15.723 42.747 26.649 11400.0
4250.0 8.5 0.909 16.337 -0.348 18.751 17.975 16.685 16.016 15.393 14.847 14.899 14.981 15.061 14.806 14.866 14.954 14.495 14.327 13.967 13.818 14.443 14.337 14.231 14.088 19.614 17.355 16.286 15.916 15.733 17.165 16.277 15.908 15.75 15.688 16.279 16.92 15.53 16.299 16.93 15.542 40.619 25.691 11080.0
4500.0 8.5 0.909 16.089 -0.33 18.188 17.577 16.419 15.803 15.215 14.647 14.519 14.542 14.888 14.605 14.492 14.514 14.195 14.049 13.806 13.741 14.155 14.057 13.968 13.87 19.045 17.017 16.061 15.728 15.565 16.847 16.054 15.721 15.581 15.523 16.056 16.642 15.345 16.076 16.653 15.357 36.428 24.665 10710.0
4750.0 8.5 0.909 15.854 -0.289 17.615 17.172 16.143 15.58 15.032 14.488 14.242 14.209 14.729 14.447 14.221 14.18 13.959 13.844 13.703 13.675 13.93 13.85 13.788 13.733 18.465 16.669 15.825 15.532 15.395 16.519 15.819 15.526 15.407 15.361 15.822 16.349 15.152 15.842 16.363 15.166 32.544 23.622 10240.0
5000.0 8.5 0.909 15.631 -0.234 17.055 16.773 15.864 15.352 14.845 14.345 14.052 13.979 14.574 14.304 14.034 13.948 13.794 13.712 13.629 13.616 13.773 13.716 13.677 13.646 17.899 16.322 15.585 15.333 15.223 16.192 15.58 15.328 15.232 15.199 15.581 16.052 14.957 15.601 16.067 14.971 29.915 22.626 9637.0
5250.0 8.5 0.91 15.418 -0.182 16.538 16.402 15.6 15.135 14.668 14.214 13.916 13.833 14.427 14.174 13.899 13.802 13.686 13.626 13.57 13.563 13.671 13.629 13.602 13.58 17.376 15.997 15.356 15.143 15.059 15.884 15.352 15.139 15.065 15.045 15.35 15.768 14.77 15.37 15.785 14.785 28.707 21.734 8748.0
5500.0 8.5 0.911 15.215 -0.139 16.061 16.062 15.353 14.931 14.501 14.092 13.804 13.726 14.29 14.053 13.787 13.696 13.603 13.558 13.518 13.515 13.592 13.559 13.54 13.524 16.895 15.696 15.143 14.964 14.905 15.598 15.139 14.961 14.907 14.9 15.132 15.501 14.595 15.151 15.521 14.61 27.74 20.965 7499.0
6000.0 8.5 0.913 14.835 -0.093 15.226 15.48 14.928 14.579 14.212 13.881 13.624 13.568 14.051 13.843 13.606 13.538 13.477 13.449 13.434 13.437 13.47 13.449 13.44 13.434 16.053 15.18 14.774 14.655 14.638 15.107 14.772 14.653 14.635 14.65 14.749 15.034 14.292 14.768 15.059 14.308 26.276 19.554 5668.0
6500.0 8.5 0.914 14.486 -0.096 14.572 15.02 14.581 14.291 13.977 13.707 13.479 13.446 13.857 13.671 13.46 13.418 13.381 13.367 13.37 13.368 13.377 13.367 13.366 13.367 15.4 14.766 14.474 14.403 14.421 14.711 14.472 14.402 14.413 14.445 14.433 14.65 14.044 14.452 14.681 14.062 24.924 18.204 4808.0
7000.0 8.5 0.915 14.163 -0.124 14.081 14.646 14.286 14.044 13.774 13.559 13.359 13.345 13.689 13.525 13.339 13.318 13.302 13.3 13.31 13.299 13.3 13.3 13.304 13.309 14.91 14.422 14.217 14.186 14.234 14.38 14.216 14.187 14.222 14.269 14.163 14.328 13.832 14.18 14.363 13.85 23.677 17.067 4094.0
7500.0 8.5 0.916 13.862 -0.162 13.695 14.328 14.024 13.822 13.59 13.427 13.256 13.257 13.537 13.395 13.234 13.23 13.23 13.236 13.245 13.231 13.23 13.235 13.241 13.246 14.525 14.125 13.986 13.99 14.064 14.091 13.985 13.991 14.048 14.109 13.92 14.046 13.638 13.938 14.085 13.657 22.436 16.201 3492.0
8000.0 8.5 0.917 13.581 -0.204 13.376 14.05 13.785 13.616 13.418 13.306 13.163 13.177 13.395 13.276 13.141 13.151 13.16 13.17 13.179 13.167 13.161 13.17 13.177 13.181 14.208 13.86 13.774 13.807 13.905 13.832 13.773 13.81 13.887 13.961 13.699 13.794 13.459 13.716 13.835 13.478 21.129 15.536 2961.0
8500.0 8.5 0.917 13.317 -0.247 13.105 13.8 13.564 13.425 13.258 13.193 13.078 13.102 13.264 13.166 13.055 13.075 13.091 13.105 13.116 13.107 13.093 13.105 13.112 13.117 13.938 13.619 13.576 13.636 13.757 13.595 13.576 13.64 13.736 13.823 13.494 13.564 13.291 13.511 13.607 13.311 19.852 15.007 2510.0
9000.0 8.5 0.918 13.068 -0.288 12.867 13.573 13.356 13.246 13.108 13.089 12.999 13.03 13.141 13.064 12.975 13.004 13.023 13.041 13.056 13.05 13.026 13.041 13.049 13.055 13.701 13.397 13.391 13.476 13.619 13.376 13.391 13.48 13.595 13.694 13.303 13.353 13.135 13.32 13.397 13.155 18.744 14.571 2113.0
9500.0 8.5 0.919 12.832 -0.328 12.653 13.364 13.16 13.077 12.967 12.991 12.924 12.962 13.026 12.968 12.899 12.935 12.957 12.978 12.999 12.995 12.96 12.979 12.988 12.996 13.488 13.191 13.217 13.326 13.49 13.171 13.217 13.33 13.463 13.574 13.124 13.155 12.988 13.14 13.2 13.008 17.814 14.198 1768.0
10000.0 8.5 0.919 12.608 -0.368 12.458 13.17 12.976 12.919 12.837 12.899 12.853 12.897 12.921 12.879 12.827 12.87 12.892 12.916 12.942 12.942 12.896 12.918 12.927 12.938 13.294 13.0 13.055 13.185 13.371 12.981 13.055 13.19 13.341 13.464 12.956 12.972 12.851 12.973 13.018 12.872 17.015 13.87 1468.0
10500.0 8.5 0.92 12.396 -0.412 12.278 12.993 12.808 12.775 12.718 12.816 12.787 12.836 12.825 12.798 12.761 12.809 12.832 12.857 12.887 12.891 12.835 12.859 12.868 12.881 13.116 12.825 12.906 13.058 13.264 12.806 12.906 13.063 13.231 13.364 12.803 12.804 12.728 12.82 12.85 12.749 16.245 13.576 1242.0
11000.0 8.5 0.921 12.193 -0.467 12.117 12.837 12.66 12.649 12.616 12.743 12.73 12.782 12.742 12.727 12.703 12.755 12.777 12.802 12.834 12.843 12.78 12.805 12.813 12.826 12.955 12.671 12.777 12.947 13.171 12.653 12.777 12.954 13.136 13.278 12.668 12.656 12.62 12.685 12.703 12.642 15.416 13.315 1076.0
11500.0 8.5 0.922 11.999 -0.537 11.975 12.703 12.536 12.545 12.53 12.681 12.679 12.736 12.673 12.666 12.652 12.708 12.73 12.756 12.79 12.801 12.734 12.759 12.767 12.781 12.813 12.539 12.669 12.856 13.093 12.523 12.668 12.862 13.056 13.206 12.554 12.53 12.531 12.571 12.577 12.553 14.647 13.086 943.4
12000.0 8.5 0.922 11.813 -0.618 11.848 12.587 12.431 12.456 12.459 12.629 12.636 12.695 12.614 12.613 12.608 12.667 12.69 12.717 12.753 12.767 12.694 12.719 12.728 12.743 12.687 12.427 12.577 12.779 13.028 12.412 12.577 12.786 12.99 13.145 12.457 12.422 12.455 12.474 12.47 12.477 14.028 12.881 844.4
12500.0 8.5 0.923 11.635 -0.707 11.737 12.486 12.342 12.381 12.399 12.583 12.598 12.659 12.564 12.569 12.57 12.631 12.656 12.683 12.722 12.737 12.66 12.686 12.695 12.711 12.576 12.33 12.499 12.714 12.972 12.316 12.499 12.721 12.933 13.093 12.374 12.329 12.391 12.391 12.378 12.414 13.527 12.694 760.1
13000.0 8.5 0.924 11.464 -0.806 11.646 12.404 12.27 12.321 12.351 12.547 12.567 12.63 12.524 12.533 12.539 12.602 12.628 12.655 12.695 12.711 12.632 12.658 12.667 12.683 12.486 12.251 12.437 12.663 12.929 12.238 12.437 12.671 12.888 13.052 12.307 12.253 12.341 12.324 12.303 12.363 13.078 12.531 685.4
13500.0 8.5 0.924 11.299 -0.916 11.576 12.34 12.215 12.276 12.315 12.519 12.543 12.606 12.493 12.504 12.515 12.578 12.605 12.632 12.671 12.688 12.609 12.634 12.644 12.659 12.416 12.19 12.389 12.624 12.895 12.178 12.39 12.632 12.854 13.02 12.255 12.195 12.302 12.272 12.245 12.325 12.674 12.395 618.7
14000.0 8.5 0.925 11.14 -1.022 11.504 12.277 12.162 12.231 12.279 12.49 12.518 12.582 12.462 12.475 12.49 12.554 12.582 12.608 12.648 12.665 12.586 12.611 12.62 12.636 12.345 12.129 12.343 12.586 12.861 12.119 12.343 12.594 12.82 12.988 12.204 12.137 12.263 12.221 12.188 12.286 12.374 12.263 560.0
14500.0 8.5 0.926 10.987 -1.118 11.426 12.207 12.105 12.182 12.239 12.459 12.49 12.555 12.428 12.444 12.463 12.528 12.557 12.584 12.623 12.641 12.561 12.586 12.596 12.611 12.266 12.063 12.293 12.545 12.824 12.055 12.293 12.553 12.783 12.952 12.148 12.074 12.221 12.165 12.126 12.244 12.142 12.13 508.5
15000.0 8.5 0.926 10.839 -1.209 11.342 12.136 12.048 12.132 12.198 12.425 12.461 12.527 12.392 12.41 12.433 12.5 12.53 12.558 12.598 12.617 12.535 12.56 12.57 12.586 12.183 11.996 12.24 12.501 12.785 11.99 12.241 12.509 12.743 12.915 12.091 12.01 12.177 12.108 12.063 12.2 11.948 12.002 463.3
15500.0 8.5 0.927 10.696 -1.296 11.256 12.064 11.992 12.081 12.155 12.391 12.431 12.498 12.354 12.376 12.403 12.472 12.504 12.531 12.572 12.592 12.508 12.533 12.544 12.56 12.097 11.93 12.188 12.456 12.744 11.926 12.189 12.464 12.702 12.876 12.034 11.945 12.131 12.05 11.999 12.155 11.775 11.88 423.4
16000.0 8.5 0.928 10.558 -1.38 11.17 11.995 11.938 12.032 12.112 12.356 12.4 12.469 12.316 12.341 12.372 12.443 12.477 12.505 12.547 12.567 12.481 12.506 12.518 12.534 12.011 11.866 12.137 12.411 12.703 11.865 12.138 12.42 12.66 12.836 11.978 11.883 12.086 11.994 11.937 12.109 11.617 11.763 388.0
16500.0 8.5 0.928 10.423 -1.463 11.086 11.928 11.886 11.984 12.07 12.321 12.369 12.44 12.278 12.306 12.341 12.414 12.45 12.478 12.521 12.543 12.454 12.48 12.491 12.508 11.927 11.804 12.087 12.367 12.663 11.806 12.088 12.376 12.619 12.797 11.923 11.822 12.041 11.939 11.877 12.065 11.47 11.651 356.2
17000.0 8.5 0.929 10.293 -1.543 11.003 11.864 11.836 11.937 12.028 12.287 12.338 12.411 12.241 12.272 12.31 12.384 12.422 12.452 12.496 12.519 12.427 12.453 12.466 12.483 11.844 11.744 12.039 12.324 12.623 11.749 12.04 12.333 12.579 12.758 11.871 11.763 11.997 11.886 11.82 12.021 11.33 11.544 327.7
20000.0 8.5 0.932 9.583 -1.978 10.553 11.516 11.561 11.676 11.793 12.09 12.158 12.24 12.028 12.074 12.13 12.215 12.265 12.3 12.356 12.388 12.272 12.301 12.317 12.339 11.394 11.424 11.773 12.083 12.395 11.44 11.775 12.092 12.35 12.537 11.581 11.44 11.751 11.595 11.503 11.775 10.61 10.965 205.2
25000.0 8.5 0.938 8.607 -2.557 9.939 11.033 11.164 11.298 11.446 11.794 11.884 11.98 11.711 11.779 11.855 11.956 12.025 12.071 12.149 12.189 12.034 12.071 12.095 12.124 10.781 10.973 11.389 11.728 12.059 11.005 11.391 11.737 12.01 12.209 11.164 10.982 11.391 11.177 11.054 11.417 9.684 10.19 98.73
30000.0 8.5 0.944 7.809 -2.981 9.397 10.587 10.789 10.935 11.106 11.492 11.6 11.707 11.393 11.477 11.571 11.684 11.768 11.819 11.894 11.922 11.779 11.818 11.845 11.873 10.239 10.554 11.021 11.381 11.726 10.598 11.024 11.392 11.675 11.883 10.769 10.555 11.04 10.78 10.633 11.067 8.996 9.554 44.47
35000.0 8.5 0.95 7.133 -3.365 9.003 10.248 10.497 10.647 10.828 11.232 11.348 11.455 11.125 11.215 11.318 11.432 11.517 11.56 11.607 11.599 11.527 11.558 11.58 11.599 9.845 10.232 10.729 11.101 11.451 10.284 10.733 11.112 11.399 11.61 10.461 10.227 10.756 10.471 10.31 10.783 8.551 9.123 16.05
40000.0 8.5 0.955 6.546 -3.765 8.766 10.037 10.311 10.462 10.65 11.061 11.18 11.286 10.951 11.044 11.151 11.264 11.347 11.386 11.423 11.402 11.356 11.383 11.404 11.419 9.608 10.029 10.543 10.922 11.273 10.086 10.548 10.932 11.222 11.434 10.266 10.021 10.575 10.275 10.107 10.601 8.27 8.859 5.347
45000.0 8.5 0.961 6.029 -4.146 8.598 9.886 10.175 10.328 10.519 10.935 11.056 11.161 10.823 10.917 11.026 11.139 11.22 11.258 11.288 11.256 11.229 11.254 11.275 11.286 9.441 9.883 10.408 10.79 11.143 9.943 10.412 10.801 11.092 11.305 10.124 9.874 10.442 10.134 9.96 10.469 8.065 8.672 2.654
50000.0 8.5 0.966 5.566 -4.5 8.466 9.766 10.065 10.22 10.413 10.833 10.955 11.059 10.719 10.814 10.925 11.037 11.118 11.153 11.178 11.139 11.126 11.15 11.169 11.179 9.309 9.767 10.299 10.684 11.039 9.828 10.303 10.695 10.987 11.201 10.011 9.756 10.335 10.02 9.844 10.362 7.902 8.524 1.681
55000.0 8.5 0.97 5.146 -4.826 8.356 9.664 9.972 10.127 10.323 10.745 10.868 10.972 10.631 10.726 10.838 10.95 11.03 11.064 11.084 11.04 11.038 11.061 11.079 11.087 9.199 9.668 10.206 10.594 10.949 9.731 10.211 10.604 10.897 11.111 9.915 9.656 10.243 9.924 9.744 10.271 7.765 8.401 1.185
60000.0 8.5 0.975 4.763 -5.126 8.26 9.575 9.889 10.046 10.244 10.667 10.791 10.895 10.552 10.648 10.761 10.873 10.952 10.985 11.001 10.953 10.96 10.981 10.999 11.006 9.103 9.581 10.124 10.514 10.87 9.645 10.129 10.524 10.818 11.032 9.83 9.568 10.163 9.839 9.657 10.19 7.646 8.294 0.8829
65000.0 8.5 0.98 4.41 -5.405 8.174 9.494 9.815 9.972 10.171 10.596 10.721 10.825 10.481 10.577 10.691 10.802 10.881 10.913 10.925 10.876 10.889 10.91 10.927 10.932 9.017 9.502 10.05 10.441 10.798 9.567 10.055 10.452 10.746 10.961 9.754 9.489 10.09 9.762 9.579 10.117 7.54 8.199 0.6825
70000.0 8.5 0.984 4.083 -5.663 8.096 9.421 9.747 9.905 10.105 10.531 10.656 10.76 10.415 10.512 10.627 10.738 10.816 10.847 10.857 10.805 10.824 10.844 10.86 10.864 8.939 9.431 9.982 10.375 10.732 9.497 9.987 10.385 10.679 10.895 9.684 9.417 10.023 9.692 9.507 10.05 7.445 8.113 0.5398
75000.0 8.5 0.989 3.779 -5.904 8.024 9.353 9.683 9.842 10.043 10.471 10.596 10.7 10.354 10.451 10.567 10.678 10.755 10.785 10.793 10.741 10.763 10.782 10.798 10.801 8.867 9.364 9.919 10.313 10.67 9.431 9.924 10.324 10.618 10.834 9.619 9.35 9.96 9.627 9.441 9.988 7.357 8.034 0.4322
80000.0 8.5 0.993 3.494 -6.13 7.957 9.29 9.624 9.783 9.986 10.414 10.54 10.643 10.297 10.394 10.51 10.621 10.698 10.728 10.733 10.681 10.706 10.724 10.74 10.743 8.8 9.302 9.859 10.255 10.613 9.37 9.865 10.265 10.56 10.776 9.558 9.288 9.902 9.566 9.379 9.929 7.276 7.96 0.3479
85000.0 8.5 0.998 3.226 -6.342 7.895 9.231 9.568 9.727 9.931 10.36 10.486 10.59 10.243 10.34 10.457 10.568 10.644 10.673 10.677 10.625 10.652 10.67 10.685 10.687 8.738 9.244 9.804 10.2 10.558 9.312 9.809 10.211 10.506 10.722 9.501 9.229 9.847 9.509 9.321 9.874 7.201 7.891 0.2805
90000.0 8.5 1.002 2.972 -6.542 7.836 9.174 9.514 9.674 9.879 10.309 10.436 10.539 10.192 10.289 10.406 10.517 10.593 10.621 10.624 10.573 10.6 10.618 10.633 10.634 8.679 9.188 9.751 10.148 10.506 9.257 9.756 10.158 10.454 10.67 9.446 9.173 9.794 9.454 9.265 9.822 7.13 7.827 0.2258
100000.0 8.5 1.011 2.505 -6.909 7.726 9.069 9.415 9.576 9.782 10.213 10.34 10.444 10.095 10.193 10.311 10.422 10.497 10.524 10.526 10.476 10.504 10.521 10.535 10.536 8.569 9.085 9.651 10.05 10.41 9.155 9.657 10.061 10.357 10.574 9.345 9.07 9.696 9.353 9.162 9.724 6.999 7.707 0.1444
110000.0 8.5 1.02 2.082 -7.241 7.626 8.973 9.323 9.484 9.692 10.125 10.252 10.356 10.006 10.105 10.223 10.334 10.409 10.435 10.436 10.389 10.416 10.432 10.445 10.446 8.469 8.99 9.56 9.96 10.32 9.06 9.565 9.971 10.268 10.485 9.251 8.975 9.606 9.259 9.067 9.634 6.881 7.599 0.0
120000.0 8.5 1.029 1.695 -7.542 7.533 8.884 9.237 9.4 9.608 10.042 10.17 10.274 9.924 10.022 10.141 10.251 10.326 10.352 10.353 10.309 10.333 10.349 10.362 10.363 8.376 8.902 9.475 9.876 10.237 8.973 9.48 9.887 10.184 10.401 9.165 8.886 9.522 9.172 8.979 9.549 6.773 7.499 0.0
130000.0 8.5 1.037 1.338 -7.819 7.447 8.801 9.157 9.32 9.53 9.965 10.093 10.197 9.846 9.944 10.064 10.174 10.249 10.275 10.276 10.236 10.256 10.272 10.284 10.285 8.29 8.82 9.395 9.797 10.159 8.891 9.401 9.808 10.106 10.323 9.083 8.803 9.443 9.091 8.897 9.47 6.672 7.406 0.0
140000.0 8.5 1.045 1.008 -8.073 7.366 8.722 9.081 9.245 9.456 9.892 10.021 10.124 9.772 9.871 9.991 10.102 10.176 10.202 10.205 10.168 10.183 10.199 10.211 10.213 8.209 8.743 9.32 9.723 10.085 8.814 9.326 9.734 10.032 10.25 9.007 8.726 9.369 9.015 8.819 9.396 6.579 7.319 0.0
150000.0 8.5 1.053 0.7 -8.31 7.29 8.649 9.01 9.175 9.386 9.823 9.952 10.056 9.703 9.802 9.922 10.033 10.107 10.133 10.138 10.104 10.114 10.13 10.143 10.145 8.133 8.67 9.249 9.653 10.015 8.742 9.255 9.664 9.963 10.181 8.935 8.653 9.298 8.942 8.746 9.326 6.492 7.238 0.0
1500.0 9.0 1.194 21.814 1.115 24.932 22.816 20.7 20.702 22.97 22.953 22.637 23.735 23.029 22.882 22.508 23.699 19.377 18.61 17.706 16.861 19.074 18.617 18.543 18.218 25.942 21.751 20.554 23.12 22.753 21.427 20.626 23.191 22.835 22.584 21.239 21.148 21.72 21.281 21.156 21.785 58.804 35.462 8459.0
1750.0 9.0 1.194 21.145 1.029 24.278 22.274 20.116 19.965 21.8 21.986 21.868 22.858 22.067 21.909 21.747 22.819 18.98 18.289 17.465 16.696 18.702 18.295 18.217 17.918 25.266 21.21 19.834 21.988 21.762 20.881 19.904 22.048 21.795 21.715 20.546 20.512 20.774 20.583 20.518 20.833 57.261 34.586 8421.0
2000.0 9.0 1.194 20.565 0.855 23.671 21.82 19.709 19.375 20.622 21.032 21.141 22.046 21.094 20.954 21.026 22.005 18.607 17.988 17.227 16.529 18.352 17.994 17.914 17.632 24.643 20.804 19.289 20.843 20.751 20.483 19.343 20.89 20.742 20.823 19.968 20.041 19.888 19.998 20.047 19.937 55.585 33.607 8390.0
2250.0 9.0 1.194 20.053 0.651 23.178 21.453 19.402 18.926 19.61 20.068 20.395 21.211 20.134 19.993 20.287 21.168 18.217 17.674 16.973 16.341 17.988 17.68 17.598 17.334 24.127 20.473 18.904 19.903 19.853 20.163 18.94 19.935 19.822 19.991 19.489 19.696 19.17 19.514 19.701 19.207 53.934 32.772 8360.0
2500.0 9.0 1.194 19.596 0.459 22.689 21.097 19.137 18.543 18.811 19.284 19.691 20.45 19.373 19.215 19.599 20.408 17.831 17.365 16.734 16.147 17.626 17.369 17.299 17.058 23.615 20.168 18.596 19.143 19.14 19.872 18.614 19.165 19.093 19.326 19.061 19.405 18.571 19.081 19.411 18.6 52.66 32.008 8330.0
2750.0 9.0 1.194 19.182 0.269 22.307 20.807 18.913 18.233 18.18 18.615 19.086 19.662 18.698 18.553 19.005 19.622 17.477 17.067 16.473 15.941 17.301 17.073 16.986 16.762 23.217 19.911 18.357 18.56 18.556 19.626 18.363 18.573 18.505 18.75 18.7 19.17 18.089 18.716 19.176 18.111 51.281 31.341 8297.0
3000.0 9.0 1.194 18.804 0.101 21.918 20.526 18.703 17.961 17.653 18.024 18.528 18.979 18.086 17.969 18.457 18.942 17.15 16.792 16.23 15.742 16.999 16.799 16.703 16.493 22.812 19.665 18.15 18.084 18.052 19.391 18.147 18.089 18.004 18.23 18.373 18.955 17.673 18.387 18.961 17.69 49.967 30.645 8258.0
3250.0 9.0 1.194 18.456 -0.034 21.513 20.227 18.491 17.719 17.237 17.494 18.003 18.36 17.532 17.446 17.94 18.326 16.842 16.532 15.993 15.545 16.714 16.54 16.436 16.236 22.396 19.407 17.955 17.711 17.635 19.147 17.948 17.711 17.597 17.773 18.081 18.741 17.327 18.096 18.747 17.341 48.633 29.939 8207.0
3500.0 9.0 1.194 18.134 -0.147 21.1 19.925 18.282 17.506 16.918 16.991 17.472 17.762 17.017 16.949 17.416 17.731 16.528 16.264 15.745 15.337 16.422 16.273 16.164 15.97 21.976 19.148 17.771 17.423 17.296 18.902 17.762 17.419 17.276 17.373 17.829 18.531 17.046 17.845 18.538 17.057 47.151 29.207 8132.0
3750.0 9.0 1.194 17.835 -0.226 20.662 19.604 18.061 17.307 16.678 16.534 16.952 17.193 16.584 16.496 16.902 17.165 16.213 15.99 15.492 15.131 16.126 15.999 15.888 15.7 21.533 18.871 17.583 17.198 17.038 18.641 17.573 17.192 17.035 17.056 17.605 18.309 16.818 17.622 18.316 16.829 45.52 28.424 8030.0
4000.0 9.0 1.194 17.554 -0.274 20.198 19.262 17.829 17.114 16.483 16.141 16.448 16.636 16.251 16.104 16.405 16.609 15.886 15.695 15.232 14.941 15.816 15.704 15.592 15.415 21.065 18.579 17.388 17.006 16.832 18.366 17.379 16.999 16.841 16.813 17.395 18.074 16.623 17.414 18.083 16.635 43.731 27.585 7896.0
4250.0 9.0 1.194 17.291 -0.294 19.694 18.896 17.585 16.918 16.307 15.834 15.982 16.109 16.01 15.794 15.946 16.083 15.558 15.387 14.988 14.798 15.501 15.396 15.288 15.131 20.558 18.266 17.184 16.824 16.656 18.073 17.175 16.818 16.669 16.621 17.187 17.823 16.442 17.206 17.833 16.454 41.764 26.695 7777.0
4500.0 9.0 1.194 17.043 -0.287 19.157 18.513 17.33 16.714 16.135 15.61 15.578 15.647 15.827 15.568 15.548 15.62 15.25 15.096 14.801 14.706 15.205 15.105 15.008 14.888 20.015 17.94 16.97 16.643 16.49 17.767 16.962 16.637 16.504 16.454 16.972 17.557 16.262 16.992 17.568 16.275 38.609 25.733 7659.0
4750.0 9.0 1.194 16.808 -0.26 18.602 18.122 17.068 16.504 15.961 15.441 15.261 15.269 15.668 15.399 15.237 15.241 14.987 14.858 14.679 14.64 14.952 14.865 14.792 14.72 19.453 17.607 16.748 16.459 16.327 17.453 16.741 16.453 16.339 16.297 16.75 17.28 16.08 16.77 17.293 16.094 34.853 24.727 7528.0
5000.0 9.0 1.194 16.585 -0.217 18.055 17.735 16.802 16.287 15.784 15.297 15.042 14.994 15.518 15.256 15.023 14.965 14.79 14.696 14.595 14.58 14.766 14.701 14.654 14.615 18.9 17.273 16.52 16.269 16.163 17.139 16.515 16.265 16.171 16.141 16.521 16.996 15.894 16.541 17.01 15.908 31.261 23.776 7365.0
5250.0 9.0 1.194 16.373 -0.17 17.546 17.369 16.543 16.075 15.611 15.166 14.888 14.816 15.374 15.126 14.87 14.785 14.66 14.594 14.531 14.525 14.643 14.596 14.567 14.543 18.386 16.952 16.297 16.085 16.004 16.835 16.292 16.081 16.009 15.991 16.295 16.717 15.712 16.315 16.734 15.727 29.74 22.814 7155.0
5500.0 9.0 1.194 16.171 -0.128 17.071 17.029 16.299 15.874 15.446 15.044 14.77 14.696 15.238 15.005 14.752 14.666 14.569 14.519 14.477 14.473 14.556 14.521 14.5 14.484 17.906 16.652 16.085 15.908 15.851 16.551 16.082 15.905 15.853 15.847 16.079 16.453 15.539 16.098 16.472 15.555 28.714 22.021 6829.0
6000.0 9.0 1.195 15.793 -0.077 16.242 16.44 15.87 15.519 15.154 14.83 14.583 14.527 14.997 14.793 14.565 14.498 14.434 14.405 14.387 14.39 14.427 14.405 14.395 14.388 17.071 16.131 15.714 15.596 15.582 16.055 15.712 15.595 15.578 15.594 15.694 15.983 15.233 15.712 16.007 15.25 27.207 20.662 5727.0
6500.0 9.0 1.195 15.445 -0.074 15.562 15.968 15.519 15.228 14.915 14.654 14.436 14.401 14.799 14.618 14.417 14.373 14.333 14.318 14.319 14.32 14.329 14.318 14.315 14.315 16.389 15.709 15.412 15.34 15.361 15.652 15.41 15.34 15.352 15.386 15.373 15.594 14.983 15.391 15.624 15.0 25.853 19.4 4989.0
7000.0 9.0 1.195 15.122 -0.104 15.04 15.589 15.226 14.985 14.715 14.507 14.315 14.299 14.633 14.473 14.294 14.272 14.253 14.249 14.26 14.253 14.251 14.249 14.252 14.257 15.868 15.365 15.158 15.126 15.176 15.322 15.157 15.127 15.164 15.212 15.104 15.27 14.773 15.122 15.306 14.791 24.643 18.237 4544.0
7500.0 9.0 1.196 14.823 -0.148 14.636 15.273 14.971 14.77 14.537 14.378 14.211 14.212 14.486 14.346 14.19 14.185 14.183 14.188 14.2 14.189 14.183 14.188 14.194 14.2 15.465 15.071 14.935 14.936 15.011 15.038 14.934 14.938 14.996 15.057 14.867 14.993 14.586 14.885 15.032 14.605 23.493 17.299 4164.0
8000.0 9.0 1.196 14.542 -0.197 14.308 15.0 14.739 14.572 14.372 14.261 14.12 14.133 14.349 14.231 14.098 14.107 14.117 14.127 14.137 14.126 14.118 14.126 14.133 14.138 15.139 14.813 14.73 14.761 14.859 14.786 14.729 14.763 14.84 14.914 14.653 14.746 14.414 14.669 14.788 14.433 22.321 16.577 3822.0
8500.0 9.0 1.196 14.279 -0.246 14.032 14.757 14.525 14.387 14.217 14.152 14.036 14.06 14.222 14.125 14.013 14.034 14.05 14.064 14.076 14.067 14.053 14.064 14.071 14.076 14.863 14.58 14.539 14.596 14.715 14.557 14.539 14.599 14.694 14.78 14.454 14.522 14.252 14.471 14.566 14.272 21.12 16.008 3514.0
9000.0 9.0 1.196 14.03 -0.295 13.791 14.537 14.325 14.214 14.071 14.051 13.958 13.99 14.103 14.026 13.934 13.963 13.985 14.003 14.018 14.012 13.988 14.003 14.011 14.017 14.624 14.366 14.361 14.441 14.581 14.346 14.36 14.444 14.557 14.655 14.269 14.317 14.1 14.286 14.362 14.12 20.003 15.546 3230.0
9500.0 9.0 1.197 13.795 -0.341 13.576 14.335 14.136 14.05 13.934 13.956 13.883 13.922 13.991 13.933 13.859 13.896 13.921 13.942 13.962 13.959 13.924 13.943 13.951 13.959 14.41 14.168 14.193 14.294 14.455 14.15 14.192 14.298 14.428 14.537 14.096 14.126 13.957 14.113 14.172 13.978 19.037 15.158 2974.0
10000.0 9.0 1.197 13.572 -0.386 13.38 14.148 13.958 13.896 13.804 13.866 13.812 13.856 13.886 13.846 13.787 13.83 13.857 13.882 13.908 13.908 13.861 13.883 13.893 13.904 14.214 13.984 14.035 14.156 14.336 13.966 14.034 14.161 14.306 14.427 13.933 13.947 13.823 13.95 13.995 13.844 18.211 14.823 2744.0
10500.0 9.0 1.197 13.36 -0.431 13.198 13.975 13.791 13.752 13.684 13.783 13.745 13.794 13.789 13.765 13.719 13.767 13.795 13.822 13.855 13.859 13.799 13.824 13.835 13.848 14.033 13.813 13.887 14.027 14.226 13.795 13.886 14.032 14.194 14.325 13.781 13.781 13.698 13.797 13.829 13.719 17.473 14.525 2536.0
11000.0 9.0 1.197 13.158 -0.482 13.032 13.817 13.64 13.622 13.576 13.706 13.683 13.736 13.702 13.69 13.656 13.709 13.736 13.765 13.802 13.81 13.74 13.767 13.777 13.793 13.868 13.657 13.752 13.911 14.127 13.639 13.752 13.917 14.093 14.234 13.642 13.63 13.585 13.659 13.679 13.607 16.719 14.258 2344.0
11500.0 9.0 1.197 12.965 -0.544 12.883 13.678 13.509 13.51 13.483 13.64 13.628 13.685 13.627 13.625 13.601 13.657 13.684 13.713 13.753 13.765 13.688 13.716 13.726 13.742 13.719 13.52 13.637 13.811 14.043 13.504 13.636 13.818 14.006 14.155 13.522 13.498 13.488 13.539 13.548 13.51 15.943 14.022 2170.0
12000.0 9.0 1.198 12.78 -0.618 12.749 13.558 13.397 13.414 13.404 13.583 13.579 13.639 13.563 13.568 13.552 13.612 13.639 13.669 13.712 13.727 13.643 13.672 13.682 13.699 13.586 13.403 13.538 13.727 13.971 13.387 13.538 13.734 13.933 14.088 13.419 13.384 13.406 13.435 13.434 13.428 15.265 13.814 2009.0
12500.0 9.0 1.198 12.602 -0.699 12.628 13.451 13.301 13.332 13.337 13.532 13.536 13.599 13.507 13.518 13.509 13.572 13.6 13.631 13.677 13.696 13.604 13.634 13.644 13.663 13.465 13.3 13.453 13.655 13.908 13.286 13.453 13.662 13.869 14.029 13.329 13.284 13.335 13.345 13.335 13.357 14.718 13.624 1863.0
13000.0 9.0 1.198 12.432 -0.785 12.519 13.356 13.217 13.26 13.277 13.487 13.498 13.563 13.457 13.474 13.47 13.536 13.566 13.597 13.647 13.667 13.57 13.601 13.611 13.632 13.356 13.208 13.379 13.592 13.854 13.196 13.378 13.599 13.813 13.978 13.249 13.195 13.273 13.266 13.248 13.295 14.271 13.449 1727.0
13500.0 9.0 1.198 12.267 -0.877 12.424 13.273 13.144 13.198 13.227 13.449 13.465 13.532 13.415 13.435 13.437 13.505 13.536 13.569 13.62 13.641 13.541 13.572 13.583 13.604 13.262 13.129 13.315 13.538 13.807 13.118 13.314 13.546 13.766 13.934 13.181 13.118 13.22 13.197 13.171 13.242 13.884 13.288 1600.0
14000.0 9.0 1.199 12.109 -0.977 12.348 13.206 13.086 13.149 13.188 13.418 13.438 13.507 13.382 13.404 13.41 13.48 13.513 13.545 13.596 13.618 13.517 13.548 13.56 13.58 13.186 13.065 13.263 13.496 13.77 13.054 13.263 13.504 13.729 13.899 13.126 13.056 13.177 13.142 13.11 13.2 13.517 13.149 1479.0
14500.0 9.0 1.199 11.957 -1.082 12.286 13.152 13.039 13.109 13.156 13.393 13.416 13.486 13.354 13.379 13.388 13.459 13.493 13.525 13.576 13.598 13.497 13.528 13.54 13.56 13.124 13.012 13.222 13.462 13.74 13.003 13.222 13.47 13.698 13.871 13.081 13.005 13.143 13.097 13.06 13.166 13.189 13.029 1368.0
15000.0 9.0 1.199 11.809 -1.183 12.222 13.096 12.992 13.069 13.123 13.367 13.394 13.465 13.326 13.353 13.366 13.438 13.473 13.505 13.555 13.577 13.477 13.508 13.519 13.539 13.061 12.959 13.181 13.428 13.71 12.951 13.181 13.436 13.668 13.842 13.036 12.955 13.109 13.052 13.01 13.132 12.934 12.91 1262.0
15500.0 9.0 1.199 11.667 -1.276 12.154 13.037 12.942 13.027 13.089 13.339 13.37 13.442 13.297 13.325 13.342 13.415 13.451 13.483 13.533 13.556 13.456 13.486 13.498 13.517 12.993 12.903 13.137 13.392 13.678 12.896 13.137 13.4 13.635 13.811 12.987 12.9 13.072 13.003 12.956 13.095 12.73 12.791 1166.0
16000.0 9.0 1.2 11.529 -1.363 12.082 12.974 12.891 12.982 13.052 13.31 13.345 13.418 13.265 13.296 13.317 13.391 13.429 13.461 13.51 13.533 13.434 13.463 13.475 13.495 12.921 12.844 13.091 13.353 13.644 12.839 13.091 13.361 13.6 13.778 12.937 12.843 13.033 12.953 12.9 13.056 12.554 12.675 1075.0
16500.0 9.0 1.2 11.395 -1.446 12.007 12.911 12.84 12.937 13.015 13.28 13.318 13.393 13.232 13.266 13.29 13.366 13.405 13.438 13.487 13.511 13.411 13.44 13.452 13.471 12.846 12.784 13.044 13.313 13.608 12.782 13.044 13.322 13.564 13.744 12.886 12.786 12.993 12.901 12.844 13.016 12.397 12.564 991.1
17000.0 9.0 1.2 11.265 -1.526 11.931 12.848 12.791 12.892 12.976 13.249 13.291 13.367 13.198 13.235 13.263 13.341 13.381 13.414 13.463 13.488 13.387 13.416 13.429 13.448 12.771 12.726 12.997 13.273 13.572 12.725 12.998 13.282 13.527 13.71 12.835 12.729 12.952 12.85 12.787 12.975 12.252 12.458 911.8
20000.0 9.0 1.202 10.558 -1.961 11.496 12.5 12.519 12.637 12.749 13.058 13.12 13.204 12.992 13.043 13.091 13.179 13.231 13.268 13.327 13.361 13.237 13.269 13.285 13.308 12.337 12.404 12.736 13.039 13.353 12.417 12.737 13.048 13.306 13.497 12.548 12.409 12.712 12.562 12.473 12.737 11.529 11.892 543.2
25000.0 9.0 1.204 9.587 -2.541 10.892 12.015 12.128 12.264 12.409 12.767 12.852 12.95 12.68 12.752 12.822 12.925 12.997 13.044 13.123 13.164 13.005 13.045 13.068 13.097 11.733 11.953 12.356 12.69 13.023 11.982 12.358 12.7 12.974 13.175 12.135 11.954 12.359 12.148 12.026 12.384 10.615 11.131 277.8
30000.0 9.0 1.206 8.793 -2.966 10.358 11.568 11.758 11.906 12.074 12.468 12.572 12.68 12.365 12.453 12.542 12.657 12.742 12.794 12.87 12.898 12.753 12.793 12.819 12.848 11.2 11.535 11.993 12.35 12.695 11.578 11.996 12.36 12.644 12.853 11.744 11.529 12.012 11.755 11.609 12.038 9.948 10.509 164.1
35000.0 9.0 1.208 8.121 -3.358 9.981 11.239 11.479 11.63 11.81 12.219 12.332 12.44 12.109 12.202 12.302 12.417 12.503 12.549 12.6 12.599 12.513 12.546 12.569 12.59 10.823 11.222 11.714 12.083 12.433 11.274 11.717 12.093 12.381 12.593 11.447 11.213 11.741 11.457 11.297 11.767 9.522 10.097 100.9
40000.0 9.0 1.21 7.54 -3.762 9.755 11.035 11.302 11.455 11.641 12.056 12.174 12.28 11.944 12.039 12.144 12.258 12.343 12.385 12.429 12.416 12.352 12.382 12.404 12.421 10.597 11.028 11.536 11.912 12.265 11.084 11.54 11.923 12.213 12.426 11.26 11.016 11.568 11.27 11.102 11.594 9.253 9.845 62.82
45000.0 9.0 1.212 7.026 -4.146 9.594 10.889 11.172 11.327 11.517 11.936 12.056 12.162 11.822 11.918 12.026 12.14 12.224 12.264 12.302 12.28 12.233 12.261 12.282 12.297 10.437 10.887 11.407 11.788 12.142 10.946 11.411 11.798 12.09 12.304 11.125 10.874 11.441 11.134 10.961 11.468 9.056 9.666 38.55
50000.0 9.0 1.215 6.567 -4.502 9.468 10.773 11.068 11.224 11.417 11.839 11.961 12.067 11.724 11.82 11.931 12.044 12.128 12.166 12.199 12.17 12.137 12.163 12.184 12.197 10.311 10.775 11.303 11.687 12.042 10.835 11.308 11.698 11.99 12.205 11.017 10.761 11.339 11.025 10.849 11.366 8.899 9.524 21.98
55000.0 9.0 1.217 6.15 -4.829 9.363 10.675 10.979 11.136 11.331 11.756 11.879 11.985 11.64 11.737 11.849 11.963 12.045 12.082 12.111 12.077 12.054 12.079 12.099 12.111 10.205 10.68 11.215 11.602 11.957 10.742 11.22 11.612 11.905 12.12 10.925 10.666 11.253 10.933 10.755 11.28 8.767 9.406 10.05
60000.0 9.0 1.22 5.77 -5.131 9.271 10.59 10.901 11.059 11.256 11.682 11.806 11.912 11.566 11.663 11.777 11.89 11.972 12.008 12.034 11.995 11.981 12.005 12.025 12.035 10.113 10.596 11.137 11.526 11.882 10.66 11.142 11.537 11.83 12.046 10.844 10.582 11.176 10.852 10.671 11.203 8.653 9.303 3.154
65000.0 9.0 1.222 5.421 -5.411 9.189 10.514 10.831 10.989 11.188 11.616 11.741 11.847 11.499 11.597 11.711 11.825 11.906 11.942 11.964 11.922 11.915 11.938 11.958 11.967 10.032 10.522 11.067 11.458 11.815 10.587 11.072 11.469 11.763 11.979 10.772 10.507 11.108 10.78 10.597 11.135 8.552 9.212 1.25
70000.0 9.0 1.224 5.097 -5.67 9.116 10.445 10.767 10.926 11.127 11.556 11.681 11.787 11.438 11.536 11.652 11.765 11.846 11.881 11.9 11.856 11.855 11.877 11.896 11.904 9.959 10.455 11.004 11.396 11.754 10.52 11.009 11.407 11.701 11.917 10.706 10.439 11.045 10.714 10.53 11.072 8.461 9.131 0.6591
75000.0 9.0 1.226 4.796 -5.913 9.049 10.381 10.709 10.868 11.07 11.5 11.626 11.732 11.382 11.48 11.597 11.71 11.791 11.825 11.842 11.796 11.799 11.821 11.84 11.847 9.892 10.393 10.945 11.339 11.697 10.459 10.95 11.35 11.645 11.861 10.646 10.377 10.988 10.654 10.468 11.015 8.379 9.056 0.4626
80000.0 9.0 1.227 4.514 -6.14 8.987 10.322 10.654 10.814 11.017 11.448 11.575 11.681 11.33 11.428 11.545 11.658 11.739 11.772 11.787 11.74 11.747 11.769 11.787 11.793 9.83 10.335 10.891 11.285 11.644 10.402 10.896 11.296 11.592 11.808 10.59 10.319 10.934 10.598 10.411 10.961 8.303 8.988 0.353
85000.0 9.0 1.229 4.249 -6.353 8.929 10.267 10.602 10.763 10.967 11.399 11.526 11.632 11.281 11.379 11.497 11.61 11.69 11.723 11.736 11.688 11.698 11.719 11.737 11.742 9.772 10.281 10.84 11.235 11.595 10.349 10.845 11.246 11.542 11.759 10.537 10.265 10.883 10.545 10.357 10.911 8.232 8.924 0.2749
90000.0 9.0 1.23 4.0 -6.554 8.874 10.216 10.554 10.715 10.92 11.353 11.48 11.586 11.234 11.333 11.451 11.564 11.644 11.676 11.688 11.64 11.652 11.673 11.69 11.695 9.717 10.23 10.791 11.188 11.548 10.298 10.796 11.199 11.495 11.712 10.487 10.214 10.836 10.495 10.306 10.863 8.166 8.864 0.2175
100000.0 9.0 1.233 3.54 -6.924 8.774 10.12 10.463 10.625 10.832 11.266 11.395 11.501 11.147 11.247 11.365 11.479 11.558 11.589 11.598 11.551 11.566 11.586 11.602 11.606 9.617 10.136 10.701 11.1 11.46 10.205 10.707 11.111 11.408 11.625 10.395 10.12 10.747 10.403 10.212 10.775 8.045 8.754 0.1391
110000.0 9.0 1.236 3.123 -7.258 8.683 10.033 10.381 10.544 10.752 11.187 11.317 11.422 11.068 11.167 11.287 11.4 11.479 11.509 11.517 11.471 11.487 11.506 11.522 11.525 9.526 10.05 10.619 11.019 11.38 10.12 10.625 11.03 11.328 11.545 10.311 10.034 10.666 10.318 10.126 10.694 7.936 8.655 0.0
120000.0 9.0 1.239 2.742 -7.562 8.599 9.952 10.304 10.468 10.677 11.114 11.244 11.35 10.994 11.094 11.214 11.328 11.406 11.435 11.442 11.398 11.414 11.432 11.447 11.45 9.443 9.971 10.543 10.944 11.306 10.041 10.549 10.955 11.253 11.471 10.233 9.954 10.591 10.241 10.047 10.619 7.837 8.564 0.0
130000.0 9.0 1.242 2.392 -7.841 8.522 9.877 10.233 10.397 10.607 11.045 11.176 11.281 10.925 11.025 11.146 11.259 11.337 11.366 11.373 11.331 11.345 11.363 11.378 11.381 9.365 9.897 10.472 10.874 11.237 9.968 10.478 10.885 11.184 11.402 10.16 9.88 10.521 10.168 9.973 10.548 7.745 8.48 0.0
140000.0 9.0 1.245 2.068 -8.098 8.449 9.807 10.166 10.33 10.542 10.981 11.111 11.217 10.86 10.961 11.082 11.195 11.273 11.301 11.308 11.269 11.28 11.298 11.313 11.316 9.293 9.828 10.405 10.809 11.172 9.899 10.411 10.82 11.119 11.337 10.092 9.811 10.455 10.1 9.904 10.482 7.661 8.401 0.0
150000.0 9.0 1.248 1.766 -8.336 8.381 9.741 10.102 10.268 10.48 10.92 11.051 11.156 10.799 10.9 11.021 11.134 11.212 11.24 11.247 11.211 11.219 11.237 11.251 11.254 9.224 9.762 10.342 10.746 11.11 9.834 10.348 10.757 11.057 11.276 10.028 9.745 10.392 10.035 9.839 10.42 7.581 8.328 0.0
